NW_003803370.1	0	100000	12.0
NW_003803370.1	100000	200000	6.0
NW_003803370.1	200000	215533	3.0
NW_003803378.1	0	100000	6.0
NW_003803378.1	100000	200000	11.0
NW_003803378.1	200000	300000	13.0
NW_003803378.1	300000	400000	10.0
NW_003803378.1	400000	500000	5.0
NW_003803378.1	500000	600000	7.0
NW_003803378.1	600000	700000	6.0
NW_003803378.1	700000	800000	7.0
NW_003803378.1	800000	876613	6.0
NW_003803379.1	0	100000	16.0
NW_003803379.1	100000	200000	14.0
NW_003803379.1	200000	300000	10.0
NW_003803379.1	300000	400000	11.0
NW_003803379.1	400000	500000	7.0
NW_003803379.1	500000	600000	1.0
NW_003803379.1	600000	700000	6.0
NW_003803379.1	700000	800000	1.0
NW_003803379.1	800000	900000	1.0
NW_003803379.1	900000	940565	3.0
NW_003803381.1	0	100000	13.0
NW_003803381.1	100000	200000	19.0
NW_003803381.1	200000	300000	11.0
NW_003803381.1	300000	302740	1.0
NW_003803386.1	0	100000	6.0
NW_003803386.1	100000	116474	3.0
NW_003803389.1	300000	400000	6.0
NW_003803389.1	400000	470183	4.0
NW_003803394.1	0	44210	4.0
NW_003803395.1	0	100000	8.0
NW_003803395.1	100000	140699	7.0
NW_003803397.1	0	3909	2.0
NW_003803399.1	0	3307	1.0
NW_003803401.1	0	4466	1.0
NW_003803403.1	0	3210	1.0
NW_003803406.1	0	885	1.0
NW_003803407.1	0	66816	4.0
NW_003803410.1	0	100000	11.0
NW_003803410.1	100000	200000	10.0
NW_003803410.1	200000	300000	19.0
NW_003803410.1	300000	400000	5.0
NW_003803410.1	400000	500000	7.0
NW_003803410.1	500000	600000	10.0
NW_003803410.1	600000	700000	7.0
NW_003803410.1	700000	728936	5.0
NW_003803412.1	0	100000	12.0
NW_003803412.1	100000	179685	8.0
NW_003803420.1	0	100000	12.0
NW_003803420.1	100000	200000	3.0
NW_003803422.1	0	50408	4.0
NW_003803428.1	0	1309	1.0
NW_003803429.1	0	5417	1.0
NW_003803433.1	0	28679	2.0
NW_003803436.1	0	1913	1.0
NW_003803439.1	0	1190	1.0
NW_003803440.1	0	3126	1.0
NW_003803444.1	0	4401	1.0
NW_003803448.1	0	100000	2.0
NW_003803448.1	100000	200000	1.0
NW_003803448.1	200000	300000	2.0
NW_003803448.1	300000	381410	3.0
NW_003803449.1	0	2531	1.0
NW_003803450.1	0	3993	1.0
NW_003803456.1	0	26927	6.0
NW_003803457.1	0	17797	2.0
NW_003803467.1	0	690	1.0
NW_003803468.1	0	3389	1.0
NW_003803470.1	0	10965	1.0
NW_003803472.1	0	1787	1.0
NW_003803473.1	0	4542	1.0
NW_003803479.1	0	6027	1.0
NW_003803480.1	0	29364	2.0
NW_003803483.1	0	17676	1.0
NW_003803489.1	0	14571	1.0
NW_003803490.1	0	3819	1.0
NW_003803493.1	0	3865	1.0
NW_003803494.1	0	13836	2.0
NW_003803495.1	0	4248	1.0
NW_003803498.1	0	100000	5.0
NW_003803498.1	100000	200000	10.0
NW_003803498.1	200000	300000	9.0
NW_003803498.1	300000	308804	1.0
NW_003803502.1	0	3651	1.0
NW_003803503.1	0	4666	1.0
NW_003803504.1	0	3999	1.0
NW_003803510.1	0	3338	1.0
NW_003803511.1	0	1330	1.0
NW_003803512.1	0	18117	2.0
NW_003803524.1	0	4197	1.0
NW_003803525.1	0	14358	1.0
NW_003803530.1	0	10654	1.0
NW_003803532.1	0	2452	1.0
NW_003803533.1	0	100000	9.0
NW_003803533.1	100000	200000	11.0
NW_003803533.1	200000	271169	10.0
NW_003803534.1	0	3631	1.0
NW_003803540.1	0	1492	1.0
NW_003803541.1	0	2016	1.0
NW_003803544.1	0	100000	5.0
NW_003803544.1	100000	200000	12.0
NW_003803544.1	200000	267890	13.0
NW_003803545.1	0	7482	1.0
NW_003803547.1	0	17584	2.0
NW_003803548.1	0	100000	6.0
NW_003803548.1	100000	200000	4.0
NW_003803548.1	200000	300000	6.0
NW_003803548.1	300000	331849	6.0
NW_003803552.1	0	18824	2.0
NW_003803553.1	0	100000	13.0
NW_003803553.1	100000	200000	11.0
NW_003803553.1	200000	300000	10.0
NW_003803553.1	300000	400000	8.0
NW_003803553.1	400000	407948	3.0
NW_003803556.1	0	6001	1.0
NW_003803557.1	0	12851	1.0
NW_003803564.1	0	100000	1.0
NW_003803564.1	100000	200000	4.0
NW_003803564.1	200000	286296	7.0
NW_003803569.1	0	100000	16.0
NW_003803569.1	200000	300000	10.0
NW_003803569.1	300000	400000	10.0
NW_003803569.1	400000	450060	6.0
NW_003803570.1	0	100000	7.0
NW_003803570.1	100000	125175	5.0
NW_003803572.1	0	29533	3.0
NW_003803573.1	0	100000	1.0
NW_003803573.1	100000	168352	2.0
NW_003803574.1	0	100000	23.0
NW_003803574.1	100000	200000	7.0
NW_003803574.1	200000	268470	6.0
NW_003803579.1	0	12705	3.0
NW_003803584.1	0	8111	1.0
NW_003803594.1	0	3602	1.0
NW_003803595.1	0	4422	1.0
NW_003803597.1	0	1129	1.0
NW_003803600.1	0	11637	1.0
NW_003803602.1	0	100000	13.0
NW_003803602.1	100000	200000	3.0
NW_003803602.1	200000	300000	3.0
NW_003803602.1	300000	400000	9.0
NW_003803602.1	400000	500000	1.0
NW_003803602.1	500000	600000	1.0
NW_003803602.1	600000	700000	14.0
NW_003803602.1	700000	800000	6.0
NW_003803602.1	800000	900000	7.0
NW_003803602.1	900000	1000000	15.0
NW_003803602.1	1000000	1100000	11.0
NW_003803602.1	1100000	1200000	6.0
NW_003803602.1	1200000	1300000	11.0
NW_003803602.1	1300000	1400000	5.0
NW_003803602.1	1400000	1500000	6.0
NW_003803602.1	1500000	1600000	5.0
NW_003803602.1	1600000	1700000	9.0
NW_003803602.1	1700000	1800000	4.0
NW_003803602.1	1800000	1900000	12.0
NW_003803602.1	1900000	2000000	15.0
NW_003803602.1	2000000	2100000	5.0
NW_003803602.1	2100000	2200000	8.0
NW_003803602.1	2200000	2300000	6.0
NW_003803602.1	2300000	2400000	11.0
NW_003803602.1	2400000	2428114	5.0
NW_003803606.1	0	875	1.0
NW_003803608.1	0	994	1.0
NW_003803610.1	0	75892	10.0
NW_003803616.1	0	9497	2.0
NW_003803617.1	0	15423	2.0
NW_003803619.1	0	100000	3.0
NW_003803619.1	100000	200000	6.0
NW_003803619.1	200000	300000	13.0
NW_003803619.1	300000	400000	14.0
NW_003803619.1	400000	455027	2.0
NW_003803620.1	0	840	1.0
NW_003803621.1	0	19383	1.0
NW_003803623.1	0	5458	1.0
NW_003803627.1	0	1562	1.0
NW_003803630.1	0	3848	1.0
NW_003803631.1	0	26349	3.0
NW_003803632.1	0	4031	1.0
NW_003803637.1	0	5208	1.0
NW_003803638.1	0	6704	1.0
NW_003803657.1	0	1679	1.0
NW_003803658.1	0	12405	1.0
NW_003803665.1	0	770	1.0
NW_003803666.1	0	24190	1.0
NW_003803672.1	0	12968	2.0
NW_003803673.1	0	100000	4.0
NW_003803673.1	100000	158626	4.0
NW_003803674.1	0	1844	1.0
NW_003803676.1	0	49387	2.0
NW_003803677.1	0	11236	1.0
NW_003803680.1	0	12379	2.0
NW_003803681.1	0	12337	1.0
NW_003803686.1	0	21278	3.0
NW_003803690.1	0	678	1.0
NW_003803691.1	0	28339	6.0
NW_003803693.1	0	16658	2.0
NW_003803694.1	0	4863	1.0
NW_003803698.1	0	100000	8.0
NW_003803698.1	100000	200000	10.0
NW_003803698.1	200000	281323	9.0
NW_003803705.1	0	4675	2.0
NW_003803708.1	0	23763	2.0
NW_003803711.1	0	10352	1.0
NW_003803715.1	0	12738	1.0
NW_003803721.1	0	7226	2.0
NW_003803723.1	0	2173	1.0
NW_003803728.1	0	10138	2.0
NW_003803730.1	0	100000	11.0
NW_003803730.1	100000	200000	9.0
NW_003803730.1	200000	277772	4.0
NW_003803731.1	0	1611	1.0
NW_003803732.1	0	70073	8.0
NW_003803734.1	0	75781	6.0
NW_003803737.1	0	9441	1.0
NW_003803739.1	0	2598	1.0
NW_003803740.1	0	1030	1.0
NW_003803742.1	0	3594	1.0
NW_003803744.1	0	1884	1.0
NW_003803746.1	0	100000	11.0
NW_003803746.1	100000	200000	3.0
NW_003803746.1	200000	300000	9.0
NW_003803746.1	300000	400000	8.0
NW_003803746.1	400000	500000	8.0
NW_003803746.1	500000	600000	5.0
NW_003803746.1	600000	657406	2.0
NW_003803753.1	0	2972	1.0
NW_003803756.1	0	7185	1.0
NW_003803758.1	0	630	1.0
NW_003803759.1	0	1052	1.0
NW_003803762.1	0	12123	2.0
NW_003803764.1	0	100000	7.0
NW_003803764.1	100000	134426	7.0
NW_003803768.1	0	2731	1.0
NW_003803770.1	0	100000	13.0
NW_003803770.1	100000	200000	4.0
NW_003803770.1	200000	300000	2.0
NW_003803770.1	300000	316508	2.0
NW_003803772.1	0	100000	4.0
NW_003803772.1	100000	200000	16.0
NW_003803772.1	200000	300000	9.0
NW_003803772.1	300000	400000	14.0
NW_003803772.1	400000	500000	14.0
NW_003803772.1	500000	581380	12.0
NW_003803773.1	0	42734	3.0
NW_003803779.1	0	87427	13.0
NW_003803785.1	0	12038	2.0
NW_003803790.1	0	689	1.0
NW_003803795.1	0	1689	1.0
NW_003803797.1	0	906	1.0
NW_003803798.1	0	5996	2.0
NW_003803800.1	0	2974	1.0
NW_003803804.1	0	2776	1.0
NW_003803808.1	0	15253	1.0
NW_003803810.1	0	2874	2.0
NW_003803813.1	0	1137	1.0
NW_003803820.1	0	100000	7.0
NW_003803820.1	100000	200000	5.0
NW_003803820.1	200000	230971	3.0
NW_003803823.1	0	2195	1.0
NW_003803825.1	0	15439	2.0
NW_003803826.1	0	100000	9.0
NW_003803826.1	100000	200000	10.0
NW_003803826.1	200000	300000	8.0
NW_003803826.1	300000	330092	1.0
NW_003803829.1	0	4966	2.0
NW_003803830.1	0	14526	2.0
NW_003803833.1	0	14709	1.0
NW_003803835.1	0	2479	1.0
NW_003803836.1	0	834	1.0
NW_003803838.1	0	2380	1.0
NW_003803841.1	0	3809	1.0
NW_003803844.1	0	3205	1.0
NW_003803846.1	0	2041	1.0
NW_003803848.1	0	2579	1.0
NW_003803850.1	0	100000	4.0
NW_003803850.1	100000	200000	8.0
NW_003803850.1	200000	300000	6.0
NW_003803850.1	300000	400000	2.0
NW_003803850.1	400000	500000	1.0
NW_003803850.1	600000	700000	3.0
NW_003803850.1	700000	719520	2.0
NW_003803852.1	0	6926	1.0
NW_003803857.1	0	100000	8.0
NW_003803857.1	100000	200000	5.0
NW_003803857.1	200000	218473	2.0
NW_003803858.1	0	13162	1.0
NW_003803859.1	0	1186	1.0
NW_003803865.1	0	13903	2.0
NW_003803873.1	0	100000	11.0
NW_003803873.1	100000	174341	8.0
NW_003803876.1	0	26728	2.0
NW_003803878.1	0	4128	1.0
NW_003803880.1	0	12116	1.0
NW_003803881.1	0	23011	4.0
NW_003803884.1	0	100000	5.0
NW_003803884.1	100000	119458	1.0
NW_003803886.1	0	100000	9.0
NW_003803886.1	100000	200000	10.0
NW_003803886.1	200000	201253	1.0
NW_003803892.1	0	1984	1.0
NW_003803893.1	0	8088	1.0
NW_003803895.1	0	5110	1.0
NW_003803899.1	0	3915	1.0
NW_003803904.1	0	5031	1.0
NW_003803905.1	0	3771	1.0
NW_003803910.1	0	1585	1.0
NW_003803919.1	0	13303	2.0
NW_003803922.1	0	47255	4.0
NW_003803923.1	0	100000	3.0
NW_003803923.1	100000	175496	13.0
NW_003803926.1	0	39576	2.0
NW_003803932.1	0	9324	1.0
NW_003803933.1	0	11137	2.0
NW_003803936.1	0	5144	1.0
NW_003803938.1	0	4526	2.0
NW_003803940.1	0	100000	4.0
NW_003803940.1	100000	200000	12.0
NW_003803940.1	200000	251189	7.0
NW_003803944.1	0	3459	1.0
NW_003803948.1	0	2107	1.0
NW_003803951.1	0	6195	1.0
NW_003803957.1	0	5236	1.0
NW_003803961.1	0	1551	1.0
NW_003803963.1	0	63465	2.0
NW_003803964.1	0	5984	1.0
NW_003803966.1	0	7449	1.0
NW_003803970.1	0	4655	1.0
NW_003803973.1	0	1486	1.0
NW_003803974.1	0	7634	2.0
NW_003803976.1	0	100000	1.0
NW_003803976.1	100000	200000	9.0
NW_003803976.1	200000	300000	10.0
NW_003803976.1	300000	400000	8.0
NW_003803976.1	400000	500000	3.0
NW_003803976.1	500000	533263	3.0
NW_003803979.1	0	2082	1.0
NW_003803980.1	0	6767	2.0
NW_003803982.1	0	100000	6.0
NW_003803982.1	100000	200000	2.0
NW_003803982.1	200000	210278	1.0
NW_003803983.1	0	9707	2.0
NW_003803985.1	0	32297	5.0
NW_003803988.1	0	999	1.0
NW_003803992.1	0	8658	1.0
NW_003803996.1	0	100000	4.0
NW_003803996.1	100000	200000	8.0
NW_003803996.1	200000	300000	5.0
NW_003803996.1	400000	500000	12.0
NW_003803996.1	500000	600000	14.0
NW_003803996.1	600000	700000	7.0
NW_003803996.1	700000	800000	10.0
NW_003803996.1	800000	886994	11.0
NW_003803998.1	0	7858	2.0
NW_003804003.1	0	3502	1.0
NW_003804020.1	0	2957	1.0
NW_003804031.1	0	2103	1.0
NW_003804062.1	0	808	1.0
NW_003804075.1	0	987	1.0
NW_003804078.1	0	1466	1.0
NW_003804086.1	0	1107	1.0
NW_003804092.1	0	1538	1.0
NW_003804096.1	0	977	1.0
NW_003804097.1	0	833	1.0
NW_003804102.1	0	1426	2.0
NW_003804118.1	0	1168	1.0
NW_003804119.1	0	1329	1.0
NW_003804132.1	0	1678	1.0
NW_003804142.1	0	1185	1.0
NW_003804156.1	0	1438	1.0
NW_003804158.1	0	898	1.0
NW_003804159.1	0	762	1.0
NW_003804173.1	0	1123	1.0
NW_003804178.1	0	630	1.0
NW_003804179.1	0	741	1.0
NW_003804182.1	0	1024	1.0
NW_003804187.1	0	916	1.0
NW_003804197.1	0	1044	1.0
NW_003804203.1	0	1085	1.0
NW_003804229.1	0	1008	1.0
NW_003804231.1	0	1033	1.0
NW_003804270.1	0	100000	13.0
NW_003804270.1	100000	186150	1.0
NW_003804273.1	0	26310	1.0
NW_003804276.1	0	1765	1.0
NW_003804282.1	0	5347	2.0
NW_003804283.1	0	4445	1.0
NW_003804284.1	0	100000	14.0
NW_003804284.1	100000	200000	3.0
NW_003804284.1	200000	300000	8.0
NW_003804284.1	300000	400000	11.0
NW_003804284.1	400000	445798	3.0
NW_003804285.1	0	15514	1.0
NW_003804288.1	0	3650	1.0
NW_003804294.1	0	3226	2.0
NW_003804295.1	0	5752	1.0
NW_003804299.1	0	1179	1.0
NW_003804300.1	0	6869	1.0
NW_003804301.1	0	1545	1.0
NW_003804302.1	0	938	1.0
NW_003804306.1	0	8821	2.0
NW_003804307.1	0	63769	4.0
NW_003804308.1	0	100000	15.0
NW_003804308.1	100000	200000	1.0
NW_003804308.1	200000	300000	5.0
NW_003804308.1	300000	400000	11.0
NW_003804308.1	400000	500000	2.0
NW_003804308.1	500000	600000	10.0
NW_003804308.1	600000	700000	8.0
NW_003804308.1	700000	800000	1.0
NW_003804308.1	800000	900000	8.0
NW_003804308.1	900000	1000000	9.0
NW_003804308.1	1000000	1041721	5.0
NW_003804313.1	0	3096	1.0
NW_003804314.1	0	15834	1.0
NW_003804316.1	0	1702	1.0
NW_003804319.1	0	8367	4.0
NW_003804320.1	0	3105	1.0
NW_003804321.1	0	11045	2.0
NW_003804323.1	0	1897	1.0
NW_003804324.1	0	17088	4.0
NW_003804325.1	0	100000	12.0
NW_003804325.1	100000	200000	24.0
NW_003804325.1	200000	300000	3.0
NW_003804325.1	300000	400000	5.0
NW_003804325.1	400000	500000	17.0
NW_003804325.1	500000	585920	17.0
NW_003804326.1	0	6072	1.0
NW_003804327.1	0	34033	4.0
NW_003804335.1	0	4041	1.0
NW_003804337.1	0	5856	1.0
NW_003804339.1	0	4851	3.0
NW_003804341.1	0	57886	10.0
NW_003804345.1	0	5163	1.0
NW_003804346.1	0	100000	1.0
NW_003804346.1	100000	200000	3.0
NW_003804346.1	200000	288681	13.0
NW_003804349.1	0	20462	3.0
NW_003804354.1	0	31041	4.0
NW_003804365.1	0	1439	1.0
NW_003804366.1	0	752	1.0
NW_003804370.1	0	100000	9.0
NW_003804370.1	100000	200000	3.0
NW_003804370.1	200000	300000	18.0
NW_003804370.1	300000	400000	10.0
NW_003804370.1	400000	500000	9.0
NW_003804370.1	500000	600000	14.0
NW_003804370.1	600000	700000	6.0
NW_003804370.1	700000	800000	6.0
NW_003804370.1	800000	900000	1.0
NW_003804370.1	900000	1000000	8.0
NW_003804370.1	1000000	1100000	7.0
NW_003804370.1	1100000	1200000	8.0
NW_003804370.1	1200000	1300000	1.0
NW_003804370.1	1300000	1400000	10.0
NW_003804370.1	1400000	1500000	4.0
NW_003804370.1	1500000	1554143	10.0
NW_003804372.1	0	100000	8.0
NW_003804372.1	100000	200000	11.0
NW_003804372.1	200000	201597	1.0
NW_003804373.1	0	100000	11.0
NW_003804373.1	100000	124747	8.0
NW_003804375.1	0	100000	7.0
NW_003804375.1	100000	200000	5.0
NW_003804375.1	200000	258143	7.0
NW_003804379.1	0	2559	2.0
NW_003804381.1	0	2422	1.0
NW_003804382.1	0	3330	2.0
NW_003804383.1	0	1307	1.0
NW_003804385.1	0	4262	1.0
NW_003804386.1	0	8294	2.0
NW_003804390.1	0	7246	1.0
NW_003804392.1	0	35853	8.0
NW_003804401.1	0	13415	4.0
NW_003804402.1	0	1189	1.0
NW_003804410.1	0	100000	9.0
NW_003804410.1	100000	200000	10.0
NW_003804410.1	200000	300000	5.0
NW_003804410.1	300000	400000	14.0
NW_003804410.1	500000	543638	3.0
NW_003804415.1	0	47202	4.0
NW_003804421.1	0	2278	1.0
NW_003804422.1	0	8421	1.0
NW_003804425.1	0	1024	1.0
NW_003804426.1	0	74120	8.0
NW_003804427.1	0	53876	4.0
NW_003804429.1	0	100000	8.0
NW_003804429.1	100000	200000	8.0
NW_003804429.1	200000	300000	9.0
NW_003804429.1	300000	400000	8.0
NW_003804429.1	400000	495888	8.0
NW_003804432.1	0	718	1.0
NW_003804435.1	0	7131	1.0
NW_003804441.1	0	17497	3.0
NW_003804442.1	0	5817	2.0
NW_003804444.1	0	11947	1.0
NW_003804447.1	0	1184	1.0
NW_003804450.1	0	3587	1.0
NW_003804453.1	0	885	1.0
NW_003804455.1	0	897	1.0
NW_003804460.1	0	35562	1.0
NW_003804465.1	0	100000	7.0
NW_003804465.1	100000	200000	1.0
NW_003804465.1	200000	300000	5.0
NW_003804465.1	300000	392422	3.0
NW_003804466.1	0	23661	5.0
NW_003804467.1	0	13706	4.0
NW_003804469.1	0	2269	1.0
NW_003804474.1	0	598	1.0
NW_003804477.1	0	53140	4.0
NW_003804479.1	0	100000	3.0
NW_003804479.1	100000	200000	1.0
NW_003804479.1	200000	274810	9.0
NW_003804480.1	0	1247	1.0
NW_003804483.1	0	20682	2.0
NW_003804487.1	0	5651	1.0
NW_003804488.1	0	69310	8.0
NW_003804489.1	0	100000	3.0
NW_003804489.1	100000	200000	16.0
NW_003804489.1	200000	300000	4.0
NW_003804489.1	300000	400000	1.0
NW_003804489.1	400000	500000	1.0
NW_003804489.1	500000	600000	17.0
NW_003804489.1	600000	700000	7.0
NW_003804489.1	700000	800000	6.0
NW_003804489.1	800000	900000	9.0
NW_003804489.1	900000	1000000	1.0
NW_003804489.1	1000000	1100000	5.0
NW_003804489.1	1100000	1114220	1.0
NW_003804493.1	0	7826	1.0
NW_003804494.1	0	6682	1.0
NW_003804495.1	0	1666	1.0
NW_003804496.1	0	1466	1.0
NW_003804497.1	0	1083	1.0
NW_003804499.1	0	7004	1.0
NW_003804500.1	0	2615	1.0
NW_003804502.1	0	3130	1.0
NW_003804503.1	0	18286	2.0
NW_003804511.1	0	100000	11.0
NW_003804511.1	100000	200000	3.0
NW_003804511.1	200000	300000	6.0
NW_003804511.1	300000	400000	15.0
NW_003804511.1	400000	500000	4.0
NW_003804511.1	500000	557682	4.0
NW_003804513.1	0	26519	2.0
NW_003804514.1	0	100000	15.0
NW_003804514.1	100000	200000	3.0
NW_003804514.1	200000	242508	2.0
NW_003804516.1	0	1323	1.0
NW_003804521.1	0	804	1.0
NW_003804522.1	0	1986	1.0
NW_003804526.1	0	2771	1.0
NW_003804528.1	0	6184	1.0
NW_003804529.1	0	5912	1.0
NW_003804531.1	0	17966	2.0
NW_003804532.1	0	100000	8.0
NW_003804532.1	100000	200000	2.0
NW_003804532.1	200000	300000	12.0
NW_003804532.1	300000	400000	4.0
NW_003804532.1	400000	500000	21.0
NW_003804532.1	500000	600000	3.0
NW_003804532.1	600000	700000	14.0
NW_003804532.1	700000	800000	10.0
NW_003804532.1	800000	900000	11.0
NW_003804532.1	900000	1000000	17.0
NW_003804532.1	1000000	1039267	3.0
NW_003804538.1	0	19133	1.0
NW_003804542.1	0	3826	1.0
NW_003804543.1	0	3247	1.0
NW_003804544.1	0	889	1.0
NW_003804545.1	0	1033	1.0
NW_003804546.1	0	6150	1.0
NW_003804548.1	0	3865	1.0
NW_003804551.1	0	4994	2.0
NW_003804552.1	0	1606	1.0
NW_003804560.1	0	1913	1.0
NW_003804563.1	0	100000	7.0
NW_003804563.1	100000	200000	7.0
NW_003804563.1	200000	300000	9.0
NW_003804563.1	300000	400000	9.0
NW_003804563.1	400000	500000	7.0
NW_003804563.1	500000	600000	6.0
NW_003804563.1	600000	700000	3.0
NW_003804563.1	700000	800000	9.0
NW_003804563.1	800000	900000	8.0
NW_003804563.1	900000	1000000	6.0
NW_003804563.1	1000000	1100000	15.0
NW_003804563.1	1100000	1122150	3.0
NW_003804565.1	0	6795	1.0
NW_003804566.1	0	6411	1.0
NW_003804572.1	0	100000	15.0
NW_003804572.1	100000	200000	4.0
NW_003804572.1	200000	300000	18.0
NW_003804572.1	300000	400000	11.0
NW_003804572.1	400000	500000	11.0
NW_003804572.1	500000	600000	6.0
NW_003804572.1	600000	700000	14.0
NW_003804572.1	800000	900000	1.0
NW_003804572.1	900000	1000000	1.0
NW_003804572.1	1000000	1100000	2.0
NW_003804572.1	1100000	1200000	13.0
NW_003804572.1	1200000	1300000	3.0
NW_003804572.1	1300000	1400000	11.0
NW_003804572.1	1400000	1500000	14.0
NW_003804572.1	1500000	1600000	11.0
NW_003804572.1	1600000	1700000	11.0
NW_003804572.1	1700000	1701558	1.0
NW_003804581.1	0	100000	6.0
NW_003804581.1	100000	200000	6.0
NW_003804581.1	200000	300000	1.0
NW_003804581.1	300000	400000	11.0
NW_003804581.1	400000	403092	1.0
NW_003804582.1	0	6565	1.0
NW_003804586.1	0	1429	1.0
NW_003804588.1	0	11213	1.0
NW_003804589.1	0	100000	6.0
NW_003804589.1	100000	200000	21.0
NW_003804589.1	200000	300000	9.0
NW_003804589.1	300000	400000	8.0
NW_003804589.1	400000	500000	14.0
NW_003804589.1	500000	600000	11.0
NW_003804589.1	600000	700000	5.0
NW_003804589.1	700000	800000	1.0
NW_003804589.1	900000	902246	1.0
NW_003804593.1	0	21567	3.0
NW_003804594.1	0	778	1.0
NW_003804596.1	0	6457	2.0
NW_003804599.1	0	14015	1.0
NW_003804606.1	0	1082	1.0
NW_003804609.1	0	1059	1.0
NW_003804612.1	0	42162	4.0
NW_003804614.1	0	11637	2.0
NW_003804616.1	0	7888	1.0
NW_003804617.1	0	5185	1.0
NW_003804618.1	0	1645	1.0
NW_003804619.1	0	100000	4.0
NW_003804619.1	100000	200000	5.0
NW_003804619.1	200000	214220	1.0
NW_003804621.1	0	12803	1.0
NW_003804629.1	0	4828	1.0
NW_003804632.1	0	1284	1.0
NW_003804633.1	0	15083	2.0
NW_003804639.1	0	1512	1.0
NW_003804644.1	0	12257	1.0
NW_003804648.1	0	11782	2.0
NW_003804652.1	0	6787	1.0
NW_003804654.1	0	9613	1.0
NW_003804655.1	0	1923	1.0
NW_003804670.1	0	5598	1.0
NW_003804673.1	0	5678	1.0
NW_003804683.1	0	100000	12.0
NW_003804683.1	100000	200000	8.0
NW_003804683.1	200000	300000	7.0
NW_003804683.1	300000	400000	6.0
NW_003804683.1	400000	500000	11.0
NW_003804683.1	500000	553112	10.0
NW_003804684.1	0	1170	1.0
NW_003804689.1	0	2087	1.0
NW_003804691.1	0	13295	2.0
NW_003804694.1	0	7491	1.0
NW_003804696.1	0	1330	1.0
NW_003804698.1	0	100000	2.0
NW_003804698.1	100000	151659	5.0
NW_003804699.1	0	7201	2.0
NW_003804705.1	0	20429	2.0
NW_003804712.1	0	100000	3.0
NW_003804712.1	100000	177356	4.0
NW_003804718.1	0	100000	15.0
NW_003804718.1	100000	200000	6.0
NW_003804718.1	200000	300000	6.0
NW_003804718.1	300000	391251	20.0
NW_003804719.1	0	1657	1.0
NW_003804721.1	0	25089	3.0
NW_003804724.1	0	100000	7.0
NW_003804724.1	100000	188454	8.0
NW_003804725.1	0	4460	1.0
NW_003804727.1	0	9887	1.0
NW_003804731.1	0	100000	5.0
NW_003804731.1	100000	197404	6.0
NW_003804732.1	0	9656	1.0
NW_003804736.1	0	8863	1.0
NW_003804739.1	0	21011	2.0
NW_003804740.1	0	3560	1.0
NW_003804741.1	0	16595	1.0
NW_003804745.1	0	2475	1.0
NW_003804746.1	0	9744	2.0
NW_003804748.1	0	4732	1.0
NW_003804751.1	0	6623	1.0
NW_003804756.1	0	3914	1.0
NW_003804757.1	0	996	1.0
NW_003804758.1	0	1296	1.0
NW_003804759.1	0	93923	13.0
NW_003804762.1	0	39405	5.0
NW_003804764.1	0	28259	1.0
NW_003804767.1	0	11727	1.0
NW_003804769.1	0	531	1.0
NW_003804770.1	0	1926	1.0
NW_003804775.1	0	8278	2.0
NW_003804776.1	0	41556	2.0
NW_003804781.1	0	16803	5.0
NW_003804782.1	0	5794	1.0
NW_003804783.1	0	1479	1.0
NW_003804786.1	0	962	1.0
NW_003804788.1	0	8908	1.0
NW_003804791.1	0	16948	1.0
NW_003804792.1	0	100000	2.0
NW_003804792.1	100000	136070	5.0
NW_003804795.1	0	9433	1.0
NW_003804796.1	0	347	1.0
NW_003804806.1	0	3564	1.0
NW_003804809.1	0	100000	7.0
NW_003804809.1	100000	173687	6.0
NW_003804812.1	0	5619	1.0
NW_003804813.1	0	11459	2.0
NW_003804814.1	0	1871	1.0
NW_003804819.1	0	5550	1.0
NW_003804820.1	0	3895	2.0
NW_003804824.1	0	1543	1.0
NW_003804829.1	0	3860	1.0
NW_003804830.1	0	6933	1.0
NW_003804836.1	0	8197	2.0
NW_003804843.1	0	1021	1.0
NW_003804848.1	0	22619	2.0
NW_003804852.1	0	2283	1.0
NW_003804854.1	0	43449	3.0
NW_003804856.1	0	86508	11.0
NW_003804858.1	0	14618	1.0
NW_003804859.1	0	100000	8.0
NW_003804859.1	200000	300000	1.0
NW_003804859.1	300000	400000	10.0
NW_003804859.1	400000	500000	4.0
NW_003804859.1	500000	600000	7.0
NW_003804859.1	600000	700000	8.0
NW_003804859.1	700000	800000	15.0
NW_003804859.1	800000	900000	1.0
NW_003804859.1	900000	1000000	16.0
NW_003804859.1	1000000	1014877	3.0
NW_003804861.1	0	100000	12.0
NW_003804861.1	100000	117501	3.0
NW_003804862.1	0	100000	3.0
NW_003804862.1	100000	199478	20.0
NW_003804868.1	0	7277	2.0
NW_003804872.1	0	42938	7.0
NW_003804876.1	0	1238	1.0
NW_003804879.1	0	2050	1.0
NW_003804880.1	0	847	1.0
NW_003804881.1	0	3242	1.0
NW_003804884.1	0	1191	1.0
NW_003804890.1	0	1174	1.0
NW_003804892.1	0	6300	1.0
NW_003804893.1	0	3642	1.0
NW_003804898.1	0	6259	1.0
NW_003804908.1	0	1037	1.0
NW_003804909.1	0	15329	3.0
NW_003804917.1	0	1225	1.0
NW_003804918.1	0	2939	1.0
NW_003804921.1	0	100000	11.0
NW_003804921.1	100000	200000	10.0
NW_003804921.1	200000	300000	9.0
NW_003804921.1	300000	400000	3.0
NW_003804921.1	400000	419658	3.0
NW_003804931.1	0	19058	1.0
NW_003804933.1	0	100000	6.0
NW_003804933.1	100000	200000	5.0
NW_003804933.1	200000	300000	7.0
NW_003804933.1	300000	400000	11.0
NW_003804933.1	400000	500000	9.0
NW_003804933.1	500000	600000	5.0
NW_003804933.1	600000	690141	8.0
NW_003804935.1	0	1172	1.0
NW_003804940.1	0	100000	10.0
NW_003804940.1	100000	200000	7.0
NW_003804940.1	200000	300000	7.0
NW_003804940.1	300000	400000	10.0
NW_003804940.1	400000	500000	14.0
NW_003804940.1	500000	600000	3.0
NW_003804940.1	600000	700000	10.0
NW_003804940.1	700000	800000	6.0
NW_003804940.1	800000	900000	4.0
NW_003804940.1	900000	1000000	6.0
NW_003804940.1	1000000	1065745	6.0
NW_003804944.1	0	2943	1.0
NW_003804946.1	0	996	1.0
NW_003804947.1	0	5993	2.0
NW_003804949.1	0	3262	1.0
NW_003804958.1	0	4938	1.0
NW_003804969.1	0	1116	1.0
NW_003804973.1	0	1955	1.0
NW_003804977.1	0	692	1.0
NW_003804988.1	0	9444	2.0
NW_003804992.1	0	5439	1.0
NW_003804995.1	0	100000	8.0
NW_003804995.1	100000	200000	10.0
NW_003804995.1	200000	300000	7.0
NW_003804995.1	300000	388043	3.0
NW_003804999.1	0	1783	1.0
NW_003805000.1	0	100000	7.0
NW_003805000.1	100000	147632	2.0
NW_003805011.1	0	12508	2.0
NW_003805018.1	0	100000	6.0
NW_003805018.1	100000	174159	5.0
NW_003805024.1	0	4233	1.0
NW_003805026.1	0	6658	1.0
NW_003805027.1	0	1398	1.0
NW_003805029.1	0	37259	3.0
NW_003805031.1	0	2718	1.0
NW_003805044.1	0	1439	1.0
NW_003805058.1	0	12269	1.0
NW_003805061.1	0	100000	5.0
NW_003805061.1	100000	200000	6.0
NW_003805061.1	200000	300000	15.0
NW_003805061.1	300000	400000	1.0
NW_003805061.1	400000	500000	5.0
NW_003805061.1	500000	600000	3.0
NW_003805061.1	600000	697104	7.0
NW_003805062.1	0	22211	2.0
NW_003805063.1	0	8101	2.0
NW_003805065.1	0	15253	3.0
NW_003805066.1	0	100000	7.0
NW_003805068.1	0	51413	2.0
NW_003805069.1	0	7143	1.0
NW_003805070.1	0	15047	1.0
NW_003805071.1	0	100000	14.0
NW_003805071.1	100000	200000	11.0
NW_003805071.1	200000	219243	1.0
NW_003805074.1	0	100000	15.0
NW_003805074.1	100000	200000	2.0
NW_003805074.1	200000	300000	5.0
NW_003805074.1	300000	400000	8.0
NW_003805074.1	400000	500000	3.0
NW_003805074.1	500000	600000	4.0
NW_003805074.1	600000	700000	2.0
NW_003805074.1	700000	800000	8.0
NW_003805074.1	800000	900000	10.0
NW_003805074.1	900000	1000000	11.0
NW_003805074.1	1000000	1100000	4.0
NW_003805074.1	1100000	1200000	19.0
NW_003805074.1	1200000	1300000	4.0
NW_003805074.1	1300000	1400000	9.0
NW_003805074.1	1400000	1500000	1.0
NW_003805074.1	1500000	1600000	3.0
NW_003805074.1	1600000	1700000	7.0
NW_003805074.1	1700000	1800000	10.0
NW_003805074.1	1800000	1900000	6.0
NW_003805074.1	1900000	2000000	1.0
NW_003805074.1	2000000	2100000	12.0
NW_003805074.1	2100000	2183669	2.0
NW_003805075.1	0	100000	6.0
NW_003805075.1	100000	200000	11.0
NW_003805075.1	200000	249766	7.0
NW_003805076.1	0	100000	8.0
NW_003805076.1	100000	200000	10.0
NW_003805076.1	200000	300000	3.0
NW_003805076.1	400000	500000	2.0
NW_003805076.1	500000	565475	9.0
NW_003805077.1	0	100000	10.0
NW_003805077.1	100000	200000	11.0
NW_003805077.1	200000	300000	13.0
NW_003805077.1	300000	400000	8.0
NW_003805077.1	400000	500000	4.0
NW_003805077.1	500000	577204	4.0
NW_003805078.1	0	29040	1.0
NW_003805081.1	0	9066	3.0
NW_003805083.1	0	34882	2.0
NW_003805085.1	0	25826	3.0
NW_003805086.1	0	2004	1.0
NW_003805088.1	0	5734	1.0
NW_003805089.1	0	26690	1.0
NW_003805090.1	0	89692	3.0
NW_003805093.1	0	902	1.0
NW_003805095.1	0	9893	1.0
NW_003805097.1	0	12489	2.0
NW_003805098.1	0	5591	1.0
NW_003805100.1	0	3240	1.0
NW_003805102.1	0	3872	2.0
NW_003805104.1	0	100000	6.0
NW_003805104.1	100000	200000	17.0
NW_003805104.1	200000	300000	16.0
NW_003805104.1	300000	400000	5.0
NW_003805104.1	400000	500000	7.0
NW_003805104.1	500000	600000	5.0
NW_003805104.1	600000	635824	1.0
NW_003805105.1	0	51878	4.0
NW_003805106.1	0	1063	1.0
NW_003805107.1	0	8939	2.0
NW_003805108.1	0	34566	4.0
NW_003805109.1	0	100000	13.0
NW_003805109.1	100000	200000	15.0
NW_003805109.1	200000	300000	15.0
NW_003805109.1	300000	400000	8.0
NW_003805109.1	400000	500000	4.0
NW_003805109.1	500000	600000	16.0
NW_003805109.1	600000	700000	9.0
NW_003805109.1	700000	800000	9.0
NW_003805109.1	800000	900000	11.0
NW_003805109.1	900000	1000000	18.0
NW_003805109.1	1000000	1100000	13.0
NW_003805109.1	1100000	1200000	17.0
NW_003805109.1	1200000	1300000	11.0
NW_003805109.1	1300000	1307258	1.0
NW_003805110.1	0	7668	1.0
NW_003805111.1	0	16161	3.0
NW_003805112.1	0	14622	3.0
NW_003805113.1	0	3268	1.0
NW_003805114.1	0	5200	2.0
NW_003805116.1	0	100000	8.0
NW_003805116.1	100000	200000	11.0
NW_003805116.1	200000	300000	11.0
NW_003805116.1	300000	400000	7.0
NW_003805116.1	400000	500000	9.0
NW_003805116.1	500000	600000	6.0
NW_003805116.1	600000	700000	14.0
NW_003805116.1	700000	704054	1.0
NW_003805118.1	0	28265	1.0
NW_003805119.1	0	17346	1.0
NW_003805121.1	0	20780	3.0
NW_003805123.1	0	47506	11.0
NW_003805126.1	0	16377	4.0
NW_003805127.1	0	3777	2.0
NW_003805128.1	0	19627	2.0
NW_003805129.1	0	100000	8.0
NW_003805129.1	100000	150201	1.0
NW_003805130.1	0	8125	1.0
NW_003805131.1	0	8929	1.0
NW_003805132.1	0	31335	1.0
NW_003805135.1	0	100000	9.0
NW_003805135.1	100000	192440	4.0
NW_003805137.1	0	11801	1.0
NW_003805141.1	0	100000	8.0
NW_003805141.1	100000	169224	3.0
NW_003805142.1	0	18585	2.0
NW_003805145.1	0	100000	15.0
NW_003805145.1	100000	200000	14.0
NW_003805145.1	200000	215772	4.0
NW_003805151.1	0	4530	1.0
NW_003805155.1	0	100000	9.0
NW_003805155.1	100000	200000	9.0
NW_003805155.1	200000	300000	1.0
NW_003805155.1	400000	500000	3.0
NW_003805155.1	500000	550957	4.0
NW_003805156.1	0	16439	1.0
NW_003805157.1	0	27916	4.0
NW_003805158.1	0	100000	10.0
NW_003805158.1	100000	200000	5.0
NW_003805158.1	200000	300000	11.0
NW_003805158.1	300000	400000	7.0
NW_003805158.1	400000	500000	10.0
NW_003805158.1	500000	520848	4.0
NW_003805160.1	0	9829	3.0
NW_003805161.1	0	14695	2.0
NW_003805162.1	0	100000	8.0
NW_003805162.1	100000	200000	14.0
NW_003805162.1	200000	216517	2.0
NW_003805164.1	0	3849	1.0
NW_003805167.1	0	32262	2.0
NW_003805168.1	0	34577	3.0
NW_003805169.1	0	6722	2.0
NW_003805170.1	0	100000	7.0
NW_003805170.1	100000	200000	9.0
NW_003805170.1	200000	300000	2.0
NW_003805170.1	300000	383517	1.0
NW_003805171.1	0	100000	5.0
NW_003805171.1	100000	200000	4.0
NW_003805171.1	200000	300000	3.0
NW_003805171.1	300000	400000	2.0
NW_003805171.1	400000	500000	9.0
NW_003805171.1	500000	600000	6.0
NW_003805171.1	600000	700000	2.0
NW_003805171.1	700000	800000	3.0
NW_003805171.1	800000	900000	10.0
NW_003805171.1	900000	1000000	6.0
NW_003805171.1	1000000	1100000	10.0
NW_003805171.1	1100000	1127752	6.0
NW_003805173.1	0	100000	11.0
NW_003805173.1	100000	200000	11.0
NW_003805173.1	200000	300000	10.0
NW_003805173.1	300000	400000	10.0
NW_003805173.1	400000	500000	4.0
NW_003805173.1	500000	600000	6.0
NW_003805173.1	700000	793060	5.0
NW_003805174.1	0	37143	3.0
NW_003805177.1	0	100000	12.0
NW_003805177.1	100000	102444	1.0
NW_003805178.1	0	100000	7.0
NW_003805178.1	100000	200000	12.0
NW_003805178.1	200000	300000	8.0
NW_003805178.1	300000	339513	1.0
NW_003805179.1	0	100000	8.0
NW_003805179.1	100000	200000	6.0
NW_003805179.1	200000	300000	4.0
NW_003805179.1	300000	400000	15.0
NW_003805179.1	400000	500000	6.0
NW_003805179.1	500000	600000	4.0
NW_003805179.1	600000	700000	10.0
NW_003805179.1	700000	800000	10.0
NW_003805179.1	800000	900000	7.0
NW_003805179.1	900000	910414	3.0
NW_003805180.1	0	100000	24.0
NW_003805180.1	100000	200000	9.0
NW_003805180.1	300000	400000	10.0
NW_003805180.1	200000	300000	1.0
NW_003805180.1	400000	403714	1.0
NW_003805181.1	0	6428	1.0
NW_003805182.1	0	100000	3.0
NW_003805182.1	100000	200000	3.0
NW_003805182.1	200000	300000	10.0
NW_003805182.1	300000	387727	8.0
NW_003805183.1	0	13918	2.0
NW_003805184.1	0	1117	1.0
NW_003805186.1	0	100000	7.0
NW_003805186.1	100000	200000	2.0
NW_003805186.1	200000	291769	9.0
NW_003805187.1	0	2645	1.0
NW_003805188.1	0	55737	3.0
NW_003805190.1	0	100000	5.0
NW_003805190.1	100000	200000	8.0
NW_003805190.1	200000	300000	4.0
NW_003805190.1	300000	386513	6.0
NW_003805191.1	0	12189	2.0
NW_003805192.1	0	4621	1.0
NW_003805193.1	0	5963	1.0
NW_003805194.1	0	7460	2.0
NW_003805197.1	0	96624	8.0
NW_003805199.1	0	26547	3.0
NW_003805200.1	0	100000	5.0
NW_003805200.1	100000	181262	2.0
NW_003805201.1	0	100000	4.0
NW_003805201.1	100000	200000	7.0
NW_003805201.1	200000	300000	2.0
NW_003805201.1	300000	400000	8.0
NW_003805201.1	400000	500000	9.0
NW_003805201.1	500000	561127	12.0
NW_003805202.1	0	90150	12.0
NW_003805203.1	0	5248	1.0
NW_003805204.1	0	4688	1.0
NW_003805205.1	0	35543	2.0
NW_003805208.1	0	16442	1.0
NW_003805213.1	0	6077	1.0
NW_003805214.1	0	91276	6.0
NW_003805215.1	0	6150	1.0
NW_003805217.1	0	1566	1.0
NW_003805219.1	0	100000	4.0
NW_003805219.1	100000	200000	9.0
NW_003805219.1	200000	300000	4.0
NW_003805219.1	300000	400000	9.0
NW_003805219.1	400000	500000	7.0
NW_003805219.1	500000	600000	2.0
NW_003805219.1	600000	700000	1.0
NW_003805219.1	700000	765954	6.0
NW_003805220.1	0	4828	1.0
NW_003805221.1	0	100000	2.0
NW_003805221.1	100000	200000	3.0
NW_003805221.1	200000	300000	4.0
NW_003805221.1	300000	400000	1.0
NW_003805221.1	400000	418436	1.0
NW_003805222.1	0	18530	2.0
NW_003805223.1	0	4292	1.0
NW_003805225.1	0	4618	1.0
NW_003805226.1	0	18025	1.0
NW_003805228.1	0	1827	1.0
NW_003805230.1	0	14710	1.0
NW_003805231.1	0	2648	1.0
NW_003805232.1	0	2009	1.0
NW_003805236.1	0	1471	1.0
NW_003805237.1	0	8112	1.0
NW_003805238.1	0	100000	8.0
NW_003805238.1	100000	188540	15.0
NW_003805239.1	0	8873	2.0
NW_003805241.1	0	5363	1.0
NW_003805243.1	0	36508	3.0
NW_003805244.1	0	20973	3.0
NW_003805246.1	0	100000	6.0
NW_003805246.1	100000	188789	4.0
NW_003805247.1	0	16135	2.0
NW_003805248.1	0	780	1.0
NW_003805249.1	0	4277	1.0
NW_003805251.1	0	4919	1.0
NW_003805252.1	0	17305	2.0
NW_003805254.1	0	100000	7.0
NW_003805254.1	100000	200000	2.0
NW_003805254.1	200000	300000	1.0
NW_003805255.1	0	6697	1.0
NW_003805258.1	0	10471	1.0
NW_003805259.1	0	56314	2.0
NW_003805261.1	0	8114	1.0
NW_003805262.1	0	1888	1.0
NW_003805265.1	0	8469	1.0
NW_003805267.1	0	6494	1.0
NW_003805268.1	0	7491	1.0
NW_003805269.1	0	1700	1.0
NW_003805272.1	0	100000	11.0
NW_003805272.1	100000	200000	11.0
NW_003805272.1	200000	300000	6.0
NW_003805272.1	300000	400000	8.0
NW_003805272.1	400000	500000	5.0
NW_003805272.1	500000	600000	8.0
NW_003805272.1	600000	700000	4.0
NW_003805272.1	700000	800000	12.0
NW_003805272.1	800000	896585	11.0
NW_003805273.1	0	6205	1.0
NW_003805276.1	0	401	1.0
NW_003805277.1	0	8325	1.0
NW_003805280.1	0	673	1.0
NW_003805281.1	0	100000	4.0
NW_003805281.1	100000	200000	8.0
NW_003805281.1	200000	207041	2.0
NW_003805282.1	0	2471	1.0
NW_003805283.1	0	6832	2.0
NW_003805286.1	0	10662	1.0
NW_003805287.1	0	3694	1.0
NW_003805288.1	0	47939	5.0
NW_003805289.1	0	24399	1.0
NW_003805290.1	0	12948	1.0
NW_003805294.1	0	5632	1.0
NW_003805295.1	0	11380	1.0
NW_003805302.1	0	3108	1.0
NW_003805303.1	0	8567	2.0
NW_003805305.1	0	3802	2.0
NW_003805308.1	0	10440	1.0
NW_003805313.1	0	2588	1.0
NW_003805314.1	0	9880	1.0
NW_003805318.1	0	10540	1.0
NW_003805321.1	0	49184	8.0
NW_003805325.1	0	3389	1.0
NW_003805327.1	0	10505	1.0
NW_003805329.1	0	8972	1.0
NW_003805334.1	0	2678	1.0
NW_003805336.1	0	100000	12.0
NW_003805336.1	100000	200000	4.0
NW_003805336.1	200000	300000	10.0
NW_003805336.1	300000	326770	3.0
NW_003805338.1	0	11608	1.0
NW_003805341.1	0	4282	1.0
NW_003805344.1	0	50763	7.0
NW_003805345.1	0	100000	2.0
NW_003805345.1	100000	116351	1.0
NW_003805348.1	100000	200000	1.0
NW_003805348.1	200000	300000	9.0
NW_003805348.1	300000	400000	5.0
NW_003805348.1	400000	500000	9.0
NW_003805348.1	500000	600000	2.0
NW_003805348.1	600000	700000	2.0
NW_003805348.1	700000	800000	8.0
NW_003805348.1	800000	900000	2.0
NW_003805348.1	900000	909215	1.0
NW_003805350.1	0	11262	1.0
NW_003805353.1	0	6494	2.0
NW_003805354.1	0	100000	9.0
NW_003805354.1	100000	200000	14.0
NW_003805354.1	200000	300000	10.0
NW_003805354.1	300000	354150	4.0
NW_003805355.1	0	2047	1.0
NW_003805358.1	0	2782	1.0
NW_003805359.1	0	7329	1.0
NW_003805360.1	0	2325	1.0
NW_003805361.1	0	11668	2.0
NW_003805362.1	0	3908	2.0
NW_003805364.1	0	3482	1.0
NW_003805366.1	0	18479	2.0
NW_003805369.1	0	1756	1.0
NW_003805371.1	0	100000	7.0
NW_003805371.1	100000	200000	18.0
NW_003805371.1	200000	300000	10.0
NW_003805371.1	300000	400000	5.0
NW_003805371.1	400000	436143	4.0
NW_003805372.1	0	100000	3.0
NW_003805372.1	100000	200000	3.0
NW_003805372.1	200000	300000	8.0
NW_003805372.1	300000	400000	10.0
NW_003805372.1	400000	500000	6.0
NW_003805372.1	500000	600000	1.0
NW_003805372.1	600000	700000	5.0
NW_003805372.1	700000	800000	4.0
NW_003805372.1	800000	900000	9.0
NW_003805372.1	1000000	1064698	5.0
NW_003805373.1	0	3297	1.0
NW_003805374.1	0	4740	1.0
NW_003805375.1	0	5514	1.0
NW_003805377.1	0	17915	3.0
NW_003805378.1	0	39858	1.0
NW_003805381.1	0	27786	4.0
NW_003805383.1	0	9045	2.0
NW_003805384.1	0	1659	1.0
NW_003805385.1	0	19845	2.0
NW_003805386.1	0	1769	1.0
NW_003805387.1	0	660	1.0
NW_003805389.1	0	1831	1.0
NW_003805390.1	0	19039	2.0
NW_003805392.1	0	100000	7.0
NW_003805392.1	100000	200000	11.0
NW_003805392.1	200000	300000	14.0
NW_003805392.1	300000	314443	3.0
NW_003805393.1	0	77195	8.0
NW_003805396.1	0	14333	1.0
NW_003805397.1	0	1262	1.0
NW_003805407.1	0	100000	13.0
NW_003805407.1	100000	200000	4.0
NW_003805407.1	200000	300000	5.0
NW_003805407.1	400000	500000	4.0
NW_003805407.1	500000	535290	4.0
NW_003805410.1	0	3150	1.0
NW_003805413.1	0	2161	1.0
NW_003805415.1	0	100000	13.0
NW_003805415.1	100000	200000	5.0
NW_003805415.1	200000	300000	15.0
NW_003805415.1	300000	400000	6.0
NW_003805415.1	400000	500000	9.0
NW_003805415.1	500000	600000	6.0
NW_003805415.1	600000	700000	1.0
NW_003805415.1	800000	900000	4.0
NW_003805415.1	900000	1000000	14.0
NW_003805415.1	1000000	1100000	5.0
NW_003805415.1	1100000	1156339	4.0
NW_003805416.1	0	100000	7.0
NW_003805416.1	100000	200000	10.0
NW_003805416.1	200000	300000	7.0
NW_003805416.1	300000	400000	10.0
NW_003805416.1	400000	500000	16.0
NW_003805416.1	500000	600000	15.0
NW_003805416.1	600000	700000	3.0
NW_003805416.1	700000	762668	4.0
NW_003805417.1	0	100000	2.0
NW_003805417.1	100000	200000	2.0
NW_003805417.1	200000	300000	3.0
NW_003805417.1	300000	349512	8.0
NW_003805418.1	0	100000	11.0
NW_003805418.1	100000	200000	14.0
NW_003805418.1	200000	300000	5.0
NW_003805418.1	300000	400000	15.0
NW_003805418.1	400000	426765	2.0
NW_003805419.1	0	100000	11.0
NW_003805419.1	100000	200000	6.0
NW_003805419.1	200000	300000	1.0
NW_003805419.1	300000	400000	6.0
NW_003805419.1	400000	500000	3.0
NW_003805419.1	500000	600000	10.0
NW_003805419.1	600000	700000	1.0
NW_003805419.1	800000	900000	9.0
NW_003805419.1	900000	1000000	3.0
NW_003805419.1	1000000	1100000	14.0
NW_003805419.1	1100000	1200000	4.0
NW_003805419.1	1200000	1281525	14.0
NW_003805420.1	0	1447	1.0
NW_003805421.1	0	100000	5.0
NW_003805421.1	100000	200000	6.0
NW_003805421.1	200000	300000	10.0
NW_003805421.1	300000	339371	6.0
NW_003805422.1	0	100000	9.0
NW_003805422.1	100000	200000	17.0
NW_003805422.1	200000	276255	5.0
NW_003805423.1	0	100000	5.0
NW_003805423.1	100000	200000	1.0
NW_003805423.1	200000	300000	8.0
NW_003805423.1	300000	400000	12.0
NW_003805423.1	400000	500000	5.0
NW_003805423.1	500000	600000	5.0
NW_003805423.1	600000	675677	5.0
NW_003805424.1	0	100000	9.0
NW_003805424.1	100000	200000	4.0
NW_003805424.1	200000	300000	11.0
NW_003805424.1	300000	400000	17.0
NW_003805424.1	400000	500000	11.0
NW_003805424.1	500000	600000	1.0
NW_003805424.1	600000	690880	2.0
NW_003805425.1	0	100000	7.0
NW_003805425.1	100000	200000	19.0
NW_003805425.1	200000	300000	9.0
NW_003805425.1	300000	400000	3.0
NW_003805425.1	400000	414182	1.0
NW_003805426.1	0	100000	7.0
NW_003805426.1	200000	300000	2.0
NW_003805426.1	300000	400000	9.0
NW_003805426.1	400000	500000	7.0
NW_003805426.1	500000	600000	8.0
NW_003805426.1	600000	700000	8.0
NW_003805426.1	700000	800000	8.0
NW_003805426.1	800000	900000	12.0
NW_003805426.1	900000	1000000	14.0
NW_003805426.1	1000000	1086879	3.0
NW_003805427.1	0	99548	5.0
NW_003805428.1	0	100000	4.0
NW_003805428.1	100000	200000	1.0
NW_003805428.1	200000	300000	1.0
NW_003805428.1	300000	400000	7.0
NW_003805428.1	400000	500000	13.0
NW_003805428.1	500000	600000	1.0
NW_003805428.1	600000	700000	6.0
NW_003805428.1	700000	800000	5.0
NW_003805428.1	800000	900000	6.0
NW_003805428.1	900000	1000000	7.0
NW_003805428.1	1000000	1100000	16.0
NW_003805428.1	1100000	1200000	6.0
NW_003805428.1	1200000	1300000	1.0
NW_003805428.1	1300000	1400000	8.0
NW_003805428.1	1400000	1500000	6.0
NW_003805428.1	1500000	1600000	13.0
NW_003805428.1	1600000	1700000	11.0
NW_003805428.1	1700000	1712662	1.0
NW_003805429.1	0	100000	8.0
NW_003805429.1	100000	200000	13.0
NW_003805429.1	200000	219292	2.0
NW_003805430.1	0	100000	10.0
NW_003805430.1	100000	200000	4.0
NW_003805430.1	200000	300000	9.0
NW_003805430.1	300000	400000	6.0
NW_003805430.1	400000	500000	18.0
NW_003805430.1	500000	600000	4.0
NW_003805430.1	600000	700000	8.0
NW_003805430.1	700000	800000	8.0
NW_003805430.1	800000	900000	4.0
NW_003805430.1	900000	1000000	11.0
NW_003805430.1	1000000	1100000	1.0
NW_003805430.1	1100000	1200000	4.0
NW_003805430.1	1200000	1300000	13.0
NW_003805430.1	1300000	1400000	1.0
NW_003805430.1	1400000	1500000	7.0
NW_003805430.1	1600000	1700000	3.0
NW_003805430.1	1700000	1800000	7.0
NW_003805430.1	1800000	1900000	7.0
NW_003805430.1	1900000	2000000	7.0
NW_003805430.1	2000000	2004925	1.0
NW_003805431.1	0	100000	4.0
NW_003805431.1	100000	200000	4.0
NW_003805431.1	200000	300000	4.0
NW_003805431.1	300000	306771	2.0
NW_003805432.1	0	5957	2.0
NW_003805433.1	0	20722	4.0
NW_003805434.1	0	100000	15.0
NW_003805434.1	100000	200000	8.0
NW_003805434.1	200000	300000	12.0
NW_003805434.1	300000	400000	11.0
NW_003805434.1	400000	500000	9.0
NW_003805434.1	500000	600000	4.0
NW_003805434.1	600000	700000	13.0
NW_003805434.1	700000	800000	1.0
NW_003805434.1	800000	900000	6.0
NW_003805434.1	900000	1000000	5.0
NW_003805434.1	1000000	1100000	4.0
NW_003805434.1	1100000	1200000	2.0
NW_003805434.1	1200000	1300000	4.0
NW_003805434.1	1300000	1400000	2.0
NW_003805434.1	1400000	1500000	8.0
NW_003805434.1	1500000	1599072	9.0
NW_003805435.1	0	16640	1.0
NW_003805436.1	0	100000	15.0
NW_003805436.1	100000	200000	12.0
NW_003805436.1	200000	300000	11.0
NW_003805436.1	300000	400000	7.0
NW_003805436.1	400000	500000	13.0
NW_003805436.1	500000	600000	9.0
NW_003805436.1	600000	700000	7.0
NW_003805436.1	700000	800000	9.0
NW_003805436.1	800000	900000	1.0
NW_003805436.1	900000	1000000	2.0
NW_003805436.1	1000000	1094172	3.0
NW_003805437.1	0	15545	4.0
NW_003805438.1	0	100000	3.0
NW_003805438.1	100000	200000	17.0
NW_003805438.1	200000	300000	8.0
NW_003805438.1	300000	400000	15.0
NW_003805438.1	400000	500000	15.0
NW_003805438.1	500000	600000	11.0
NW_003805438.1	600000	700000	2.0
NW_003805438.1	700000	800000	5.0
NW_003805438.1	800000	900000	5.0
NW_003805438.1	900000	1000000	5.0
NW_003805438.1	1000000	1100000	6.0
NW_003805438.1	1100000	1200000	8.0
NW_003805438.1	1200000	1221139	5.0
NW_003805439.1	0	100000	5.0
NW_003805439.1	100000	200000	16.0
NW_003805439.1	200000	300000	6.0
NW_003805439.1	300000	400000	15.0
NW_003805439.1	400000	500000	10.0
NW_003805439.1	500000	600000	14.0
NW_003805439.1	600000	700000	5.0
NW_003805439.1	700000	800000	5.0
NW_003805439.1	800000	900000	9.0
NW_003805439.1	900000	1000000	3.0
NW_003805439.1	1000000	1100000	4.0
NW_003805439.1	1100000	1200000	18.0
NW_003805439.1	1200000	1300000	3.0
NW_003805439.1	1300000	1376359	10.0
NW_003805440.1	0	100000	15.0
NW_003805440.1	100000	200000	4.0
NW_003805440.1	200000	300000	8.0
NW_003805440.1	300000	400000	11.0
NW_003805440.1	400000	407169	1.0
NW_003805441.1	0	100000	15.0
NW_003805441.1	100000	200000	15.0
NW_003805441.1	200000	300000	10.0
NW_003805441.1	300000	400000	4.0
NW_003805441.1	400000	500000	10.0
NW_003805441.1	500000	592193	9.0
NW_003805442.1	0	100000	9.0
NW_003805442.1	100000	133805	4.0
NW_003805443.1	0	11778	1.0
NW_003805444.1	0	100000	9.0
NW_003805444.1	100000	200000	3.0
NW_003805444.1	200000	300000	1.0
NW_003805444.1	300000	400000	8.0
NW_003805444.1	400000	488406	4.0
NW_003805445.1	0	6844	1.0
NW_003805446.1	0	100000	6.0
NW_003805446.1	100000	200000	13.0
NW_003805446.1	200000	300000	4.0
NW_003805446.1	300000	400000	5.0
NW_003805446.1	400000	500000	12.0
NW_003805446.1	500000	558985	14.0
NW_003805447.1	0	100000	20.0
NW_003805447.1	100000	200000	16.0
NW_003805447.1	200000	300000	3.0
NW_003805447.1	300000	336834	5.0
NW_003805448.1	0	100000	4.0
NW_003805448.1	100000	200000	4.0
NW_003805448.1	200000	300000	3.0
NW_003805448.1	300000	400000	8.0
NW_003805448.1	400000	500000	9.0
NW_003805448.1	500000	600000	7.0
NW_003805448.1	600000	700000	7.0
NW_003805448.1	700000	800000	7.0
NW_003805448.1	800000	900000	1.0
NW_003805448.1	900000	1000000	9.0
NW_003805448.1	1000000	1100000	5.0
NW_003805448.1	1100000	1200000	4.0
NW_003805448.1	1200000	1300000	1.0
NW_003805448.1	1300000	1400000	13.0
NW_003805448.1	1400000	1500000	1.0
NW_003805448.1	1500000	1600000	2.0
NW_003805448.1	1600000	1700000	15.0
NW_003805448.1	1700000	1800000	12.0
NW_003805448.1	1800000	1842012	3.0
NW_003805451.1	0	100000	6.0
NW_003805451.1	100000	200000	5.0
NW_003805451.1	200000	300000	1.0
NW_003805451.1	300000	400000	14.0
NW_003805451.1	400000	500000	12.0
NW_003805451.1	500000	600000	9.0
NW_003805451.1	600000	700000	12.0
NW_003805451.1	700000	755618	8.0
NW_003805452.1	0	100000	7.0
NW_003805452.1	100000	200000	16.0
NW_003805452.1	200000	300000	12.0
NW_003805452.1	400000	500000	1.0
NW_003805452.1	500000	600000	12.0
NW_003805452.1	600000	700000	11.0
NW_003805452.1	700000	800000	12.0
NW_003805452.1	800000	900000	15.0
NW_003805452.1	900000	995968	10.0
NW_003805453.1	0	100000	13.0
NW_003805453.1	100000	178158	8.0
NW_003805454.1	0	100000	7.0
NW_003805454.1	100000	200000	4.0
NW_003805454.1	200000	300000	1.0
NW_003805454.1	300000	400000	8.0
NW_003805454.1	400000	500000	8.0
NW_003805454.1	500000	600000	4.0
NW_003805454.1	600000	644401	6.0
NW_003805456.1	0	100000	10.0
NW_003805456.1	100000	200000	7.0
NW_003805456.1	200000	300000	7.0
NW_003805456.1	300000	367241	10.0
NW_003805457.1	0	100000	8.0
NW_003805457.1	100000	200000	3.0
NW_003805457.1	200000	300000	6.0
NW_003805457.1	300000	344653	7.0
NW_003805458.1	0	100000	6.0
NW_003805458.1	100000	200000	2.0
NW_003805458.1	200000	300000	15.0
NW_003805458.1	300000	400000	10.0
NW_003805458.1	400000	500000	3.0
NW_003805458.1	500000	600000	12.0
NW_003805458.1	600000	700000	3.0
NW_003805458.1	700000	800000	2.0
NW_003805458.1	800000	900000	12.0
NW_003805458.1	900000	1000000	11.0
NW_003805458.1	1000000	1100000	12.0
NW_003805459.1	0	100000	13.0
NW_003805459.1	100000	200000	9.0
NW_003805459.1	200000	300000	11.0
NW_003805459.1	300000	400000	4.0
NW_003805459.1	400000	500000	13.0
NW_003805459.1	500000	600000	9.0
NW_003805459.1	600000	700000	11.0
NW_003805459.1	700000	800000	12.0
NW_003805459.1	800000	900000	11.0
NW_003805459.1	900000	1000000	2.0
NW_003805459.1	1000000	1100000	7.0
NW_003805459.1	1100000	1159934	7.0
NW_003805460.1	0	63827	12.0
NW_003805462.1	0	100000	7.0
NW_003805462.1	100000	200000	13.0
NW_003805462.1	200000	300000	4.0
NW_003805462.1	300000	400000	13.0
NW_003805462.1	400000	500000	9.0
NW_003805462.1	500000	600000	10.0
NW_003805462.1	600000	700000	5.0
NW_003805462.1	700000	800000	4.0
NW_003805462.1	800000	900000	13.0
NW_003805462.1	900000	1000000	6.0
NW_003805462.1	1000000	1071707	6.0
NW_003805463.1	0	100000	9.0
NW_003805463.1	100000	200000	5.0
NW_003805463.1	200000	300000	4.0
NW_003805463.1	300000	400000	2.0
NW_003805463.1	400000	500000	2.0
NW_003805463.1	500000	600000	6.0
NW_003805463.1	600000	700000	14.0
NW_003805463.1	700000	800000	8.0
NW_003805463.1	800000	900000	14.0
NW_003805463.1	900000	1000000	7.0
NW_003805463.1	1000000	1100000	10.0
NW_003805463.1	1100000	1200000	19.0
NW_003805463.1	1200000	1300000	8.0
NW_003805463.1	1300000	1400000	14.0
NW_003805463.1	1400000	1500000	13.0
NW_003805463.1	1500000	1600000	9.0
NW_003805463.1	1600000	1700000	8.0
NW_003805463.1	1700000	1783855	14.0
NW_003805464.1	0	100000	2.0
NW_003805464.1	100000	200000	9.0
NW_003805464.1	200000	300000	15.0
NW_003805464.1	300000	400000	7.0
NW_003805464.1	400000	500000	15.0
NW_003805464.1	500000	600000	5.0
NW_003805464.1	600000	700000	5.0
NW_003805464.1	700000	800000	10.0
NW_003805464.1	800000	884221	6.0
NW_003805465.1	0	100000	4.0
NW_003805465.1	100000	200000	10.0
NW_003805465.1	200000	300000	5.0
NW_003805465.1	300000	400000	3.0
NW_003805465.1	400000	500000	8.0
NW_003805465.1	600000	700000	1.0
NW_003805465.1	700000	800000	11.0
NW_003805465.1	800000	900000	13.0
NW_003805465.1	900000	1000000	8.0
NW_003805465.1	1000000	1100000	16.0
NW_003805465.1	1100000	1200000	7.0
NW_003805465.1	1200000	1300000	7.0
NW_003805465.1	1300000	1400000	13.0
NW_003805465.1	1400000	1500000	9.0
NW_003805465.1	1500000	1600000	4.0
NW_003805465.1	1600000	1700000	3.0
NW_003805465.1	1700000	1800000	5.0
NW_003805465.1	1800000	1900000	4.0
NW_003805465.1	1900000	2000000	5.0
NW_003805465.1	2000000	2100000	6.0
NW_003805465.1	2100000	2200000	6.0
NW_003805465.1	2300000	2368197	3.0
NW_003805466.1	0	100000	1.0
NW_003805466.1	100000	200000	5.0
NW_003805466.1	200000	300000	10.0
NW_003805466.1	300000	400000	3.0
NW_003805466.1	400000	438006	2.0
NW_003805467.1	0	100000	7.0
NW_003805467.1	100000	200000	1.0
NW_003805467.1	200000	300000	14.0
NW_003805468.1	0	100000	14.0
NW_003805468.1	100000	200000	5.0
NW_003805468.1	300000	400000	6.0
NW_003805468.1	400000	500000	10.0
NW_003805468.1	500000	600000	17.0
NW_003805468.1	600000	700000	5.0
NW_003805468.1	700000	800000	7.0
NW_003805468.1	800000	900000	13.0
NW_003805468.1	900000	1000000	3.0
NW_003805468.1	1000000	1100000	4.0
NW_003805468.1	1100000	1200000	1.0
NW_003805468.1	1200000	1300000	4.0
NW_003805468.1	1300000	1310411	1.0
NW_003805469.1	0	100000	6.0
NW_003805469.1	100000	200000	5.0
NW_003805469.1	200000	300000	11.0
NW_003805469.1	300000	400000	1.0
NW_003805469.1	400000	500000	17.0
NW_003805469.1	500000	600000	9.0
NW_003805469.1	600000	617310	1.0
NW_003805470.1	0	89383	14.0
NW_003805471.1	0	100000	9.0
NW_003805471.1	100000	200000	13.0
NW_003805471.1	200000	300000	10.0
NW_003805471.1	300000	400000	17.0
NW_003805471.1	400000	500000	14.0
NW_003805471.1	500000	600000	9.0
NW_003805471.1	600000	612545	2.0
NW_003805472.1	0	100000	8.0
NW_003805472.1	100000	200000	12.0
NW_003805472.1	200000	300000	14.0
NW_003805472.1	300000	400000	4.0
NW_003805472.1	400000	500000	8.0
NW_003805472.1	500000	600000	6.0
NW_003805472.1	600000	700000	9.0
NW_003805472.1	700000	800000	17.0
NW_003805472.1	800000	900000	13.0
NW_003805472.1	900000	1000000	13.0
NW_003805472.1	1000000	1100000	8.0
NW_003805472.1	1100000	1200000	8.0
NW_003805472.1	1200000	1300000	16.0
NW_003805472.1	1300000	1400000	10.0
NW_003805472.1	1400000	1500000	7.0
NW_003805472.1	1500000	1600000	11.0
NW_003805472.1	1600000	1700000	16.0
NW_003805472.1	1700000	1800000	11.0
NW_003805472.1	1800000	1900000	13.0
NW_003805472.1	1900000	2000000	7.0
NW_003805472.1	2000000	2100000	2.0
NW_003805472.1	2100000	2200000	9.0
NW_003805472.1	2200000	2300000	11.0
NW_003805472.1	2300000	2400000	16.0
NW_003805472.1	2400000	2430170	1.0
NW_003805473.1	0	100000	17.0
NW_003805473.1	100000	200000	3.0
NW_003805473.1	200000	300000	6.0
NW_003805473.1	300000	400000	11.0
NW_003805473.1	400000	500000	14.0
NW_003805473.1	500000	600000	20.0
NW_003805473.1	600000	700000	18.0
NW_003805473.1	700000	800000	1.0
NW_003805473.1	800000	900000	7.0
NW_003805473.1	900000	1000000	5.0
NW_003805473.1	1000000	1100000	11.0
NW_003805473.1	1100000	1200000	8.0
NW_003805473.1	1200000	1300000	10.0
NW_003805473.1	1300000	1400000	4.0
NW_003805473.1	1400000	1500000	11.0
NW_003805473.1	1500000	1600000	11.0
NW_003805473.1	1600000	1700000	9.0
NW_003805473.1	1700000	1800000	4.0
NW_003805473.1	1800000	1900000	1.0
NW_003805473.1	1900000	2000000	1.0
NW_003805473.1	2000000	2100000	16.0
NW_003805473.1	2100000	2200000	19.0
NW_003805473.1	2200000	2202164	1.0
NW_003805474.1	0	100000	8.0
NW_003805474.1	100000	200000	2.0
NW_003805474.1	300000	400000	9.0
NW_003805474.1	400000	500000	4.0
NW_003805474.1	500000	600000	8.0
NW_003805474.1	600000	700000	10.0
NW_003805474.1	700000	743095	3.0
NW_003805475.1	0	100000	3.0
NW_003805475.1	100000	200000	8.0
NW_003805475.1	200000	300000	12.0
NW_003805475.1	300000	400000	6.0
NW_003805475.1	400000	500000	1.0
NW_003805475.1	500000	600000	13.0
NW_003805475.1	600000	700000	14.0
NW_003805475.1	700000	800000	10.0
NW_003805475.1	800000	900000	9.0
NW_003805475.1	900000	924616	2.0
NW_003805476.1	0	100000	6.0
NW_003805476.1	100000	200000	16.0
NW_003805476.1	200000	300000	5.0
NW_003805476.1	300000	400000	1.0
NW_003805476.1	400000	500000	8.0
NW_003805476.1	500000	600000	5.0
NW_003805476.1	600000	700000	7.0
NW_003805476.1	700000	800000	5.0
NW_003805476.1	800000	900000	13.0
NW_003805476.1	900000	1000000	8.0
NW_003805476.1	1000000	1100000	13.0
NW_003805476.1	1100000	1200000	2.0
NW_003805476.1	1200000	1300000	9.0
NW_003805476.1	1300000	1400000	16.0
NW_003805476.1	1400000	1500000	12.0
NW_003805476.1	1500000	1600000	5.0
NW_003805476.1	1600000	1700000	13.0
NW_003805476.1	1700000	1800000	8.0
NW_003805476.1	1800000	1900000	16.0
NW_003805476.1	1900000	2000000	3.0
NW_003805476.1	2000000	2100000	4.0
NW_003805476.1	2100000	2147368	3.0
NW_003805477.1	0	4125	1.0
NW_003805478.1	0	7794	2.0
NW_003805480.1	0	100000	7.0
NW_003805480.1	100000	200000	18.0
NW_003805480.1	200000	215692	6.0
NW_003805482.1	0	100000	9.0
NW_003805482.1	100000	200000	5.0
NW_003805482.1	200000	300000	10.0
NW_003805482.1	300000	400000	3.0
NW_003805482.1	400000	429760	2.0
NW_003805483.1	0	100000	8.0
NW_003805483.1	100000	200000	13.0
NW_003805483.1	200000	300000	7.0
NW_003805483.1	300000	400000	11.0
NW_003805483.1	400000	500000	10.0
NW_003805483.1	500000	600000	5.0
NW_003805483.1	600000	700000	8.0
NW_003805483.1	700000	750017	7.0
NW_003805484.1	0	100000	2.0
NW_003805484.1	100000	200000	9.0
NW_003805484.1	200000	300000	1.0
NW_003805484.1	400000	500000	30.0
NW_003805484.1	500000	600000	21.0
NW_003805484.1	600000	700000	7.0
NW_003805484.1	700000	800000	2.0
NW_003805484.1	800000	900000	10.0
NW_003805485.1	0	100000	1.0
NW_003805485.1	300000	400000	1.0
NW_003805485.1	400000	500000	17.0
NW_003805485.1	500000	600000	16.0
NW_003805485.1	600000	700000	10.0
NW_003805485.1	700000	800000	7.0
NW_003805485.1	800000	900000	6.0
NW_003805485.1	900000	1000000	5.0
NW_003805485.1	1000000	1100000	2.0
NW_003805485.1	1100000	1200000	9.0
NW_003805485.1	1200000	1300000	8.0
NW_003805485.1	1300000	1400000	8.0
NW_003805485.1	1400000	1500000	9.0
NW_003805485.1	1500000	1600000	9.0
NW_003805485.1	1600000	1700000	13.0
NW_003805485.1	1700000	1800000	3.0
NW_003805485.1	1800000	1900000	6.0
NW_003805485.1	1900000	2000000	8.0
NW_003805485.1	2000000	2100000	17.0
NW_003805485.1	2100000	2101202	1.0
NW_003805487.1	0	630	1.0
NW_003805488.1	100000	200000	2.0
NW_003805488.1	200000	300000	6.0
NW_003805488.1	300000	400000	9.0
NW_003805488.1	400000	500000	13.0
NW_003805488.1	500000	600000	12.0
NW_003805488.1	600000	700000	12.0
NW_003805488.1	700000	800000	8.0
NW_003805488.1	800000	900000	3.0
NW_003805488.1	900000	1000000	8.0
NW_003805488.1	1000000	1100000	1.0
NW_003805488.1	1100000	1200000	11.0
NW_003805488.1	1200000	1280174	17.0
NW_003805489.1	0	100000	8.0
NW_003805489.1	100000	200000	4.0
NW_003805489.1	200000	300000	2.0
NW_003805489.1	300000	400000	3.0
NW_003805489.1	400000	500000	5.0
NW_003805489.1	500000	600000	4.0
NW_003805489.1	600000	700000	7.0
NW_003805489.1	700000	800000	17.0
NW_003805489.1	800000	900000	4.0
NW_003805489.1	900000	1000000	5.0
NW_003805489.1	1000000	1100000	12.0
NW_003805489.1	1100000	1200000	16.0
NW_003805489.1	1200000	1292922	9.0
NW_003805490.1	0	43199	2.0
NW_003805491.1	0	3247	1.0
NW_003805492.1	0	100000	4.0
NW_003805492.1	100000	200000	4.0
NW_003805492.1	200000	300000	6.0
NW_003805492.1	300000	400000	7.0
NW_003805492.1	500000	600000	8.0
NW_003805492.1	600000	700000	21.0
NW_003805492.1	700000	776578	12.0
NW_003805493.1	0	9513	3.0
NW_003805495.1	0	3400	1.0
NW_003805496.1	0	100000	7.0
NW_003805496.1	100000	200000	8.0
NW_003805496.1	200000	300000	2.0
NW_003805496.1	300000	400000	12.0
NW_003805496.1	400000	447714	7.0
NW_003805497.1	0	100000	9.0
NW_003805497.1	100000	120169	2.0
NW_003805499.1	0	100000	7.0
NW_003805499.1	100000	200000	1.0
NW_003805499.1	200000	300000	3.0
NW_003805499.1	300000	400000	8.0
NW_003805499.1	400000	500000	7.0
NW_003805499.1	500000	600000	7.0
NW_003805499.1	600000	700000	3.0
NW_003805499.1	700000	800000	14.0
NW_003805499.1	800000	900000	13.0
NW_003805499.1	900000	1000000	6.0
NW_003805499.1	1000000	1100000	15.0
NW_003805499.1	1100000	1200000	17.0
NW_003805499.1	1200000	1300000	3.0
NW_003805499.1	1300000	1400000	10.0
NW_003805499.1	1400000	1500000	4.0
NW_003805499.1	1500000	1600000	3.0
NW_003805499.1	1600000	1613222	1.0
NW_003805500.1	0	100000	8.0
NW_003805500.1	100000	200000	1.0
NW_003805500.1	200000	300000	1.0
NW_003805500.1	300000	400000	14.0
NW_003805500.1	400000	500000	15.0
NW_003805500.1	500000	600000	6.0
NW_003805500.1	600000	700000	4.0
NW_003805500.1	700000	800000	12.0
NW_003805500.1	800000	900000	13.0
NW_003805500.1	900000	1000000	7.0
NW_003805500.1	1000000	1100000	13.0
NW_003805500.1	1100000	1200000	8.0
NW_003805500.1	1200000	1300000	13.0
NW_003805500.1	1300000	1400000	5.0
NW_003805500.1	1400000	1458872	7.0
NW_003805501.1	0	11428	2.0
NW_003805502.1	0	100000	1.0
NW_003805502.1	100000	200000	5.0
NW_003805502.1	200000	300000	7.0
NW_003805502.1	300000	400000	17.0
NW_003805502.1	400000	500000	2.0
NW_003805502.1	600000	700000	2.0
NW_003805502.1	700000	752585	10.0
NW_003805503.1	300000	400000	7.0
NW_003805503.1	400000	500000	4.0
NW_003805503.1	600000	700000	7.0
NW_003805503.1	700000	800000	9.0
NW_003805503.1	800000	900000	14.0
NW_003805503.1	900000	1000000	6.0
NW_003805503.1	1100000	1200000	7.0
NW_003805503.1	1200000	1300000	10.0
NW_003805503.1	1300000	1400000	6.0
NW_003805503.1	1400000	1500000	5.0
NW_003805503.1	1500000	1600000	7.0
NW_003805503.1	1600000	1620076	2.0
NW_003805504.1	0	100000	10.0
NW_003805504.1	100000	200000	1.0
NW_003805504.1	200000	300000	10.0
NW_003805504.1	300000	400000	7.0
NW_003805504.1	400000	500000	7.0
NW_003805504.1	500000	600000	5.0
NW_003805504.1	600000	700000	2.0
NW_003805504.1	700000	713766	1.0
NW_003805505.1	0	100000	1.0
NW_003805505.1	100000	200000	5.0
NW_003805505.1	200000	300000	4.0
NW_003805505.1	300000	400000	12.0
NW_003805505.1	400000	500000	15.0
NW_003805505.1	600000	700000	1.0
NW_003805505.1	700000	776899	12.0
NW_003805507.1	0	71012	16.0
NW_003805508.1	0	100000	9.0
NW_003805508.1	100000	200000	4.0
NW_003805508.1	200000	269672	4.0
NW_003805509.1	0	4060	1.0
NW_003805510.1	0	100000	8.0
NW_003805510.1	100000	200000	7.0
NW_003805510.1	200000	300000	13.0
NW_003805510.1	300000	400000	13.0
NW_003805510.1	400000	500000	10.0
NW_003805510.1	500000	600000	6.0
NW_003805510.1	600000	618929	1.0
NW_003805511.1	0	100000	3.0
NW_003805511.1	100000	146723	6.0
NW_003805512.1	0	100000	14.0
NW_003805512.1	100000	200000	1.0
NW_003805512.1	200000	300000	10.0
NW_003805512.1	300000	400000	12.0
NW_003805512.1	400000	500000	7.0
NW_003805512.1	500000	600000	5.0
NW_003805512.1	700000	800000	13.0
NW_003805512.1	800000	900000	13.0
NW_003805512.1	900000	1000000	12.0
NW_003805512.1	1000000	1100000	10.0
NW_003805512.1	1100000	1200000	15.0
NW_003805512.1	1200000	1300000	7.0
NW_003805512.1	1300000	1400000	6.0
NW_003805512.1	1400000	1500000	5.0
NW_003805512.1	1500000	1600000	6.0
NW_003805512.1	1600000	1700000	7.0
NW_003805512.1	1700000	1800000	9.0
NW_003805512.1	1800000	1900000	17.0
NW_003805512.1	1900000	2000000	8.0
NW_003805512.1	2000000	2100000	13.0
NW_003805512.1	2100000	2200000	4.0
NW_003805512.1	2200000	2300000	10.0
NW_003805512.1	2300000	2400000	12.0
NW_003805512.1	2400000	2500000	12.0
NW_003805512.1	2500000	2600000	6.0
NW_003805512.1	2600000	2700000	11.0
NW_003805512.1	2700000	2800000	18.0
NW_003805512.1	2800000	2900000	1.0
NW_003805512.1	2900000	3000000	20.0
NW_003805512.1	3000000	3100000	15.0
NW_003805512.1	3100000	3200000	13.0
NW_003805512.1	3200000	3227825	6.0
NW_003805513.1	0	100000	5.0
NW_003805513.1	100000	200000	11.0
NW_003805513.1	200000	300000	4.0
NW_003805513.1	300000	400000	9.0
NW_003805513.1	400000	472442	5.0
NW_003805514.1	0	100000	10.0
NW_003805514.1	100000	200000	9.0
NW_003805514.1	200000	300000	14.0
NW_003805514.1	300000	400000	7.0
NW_003805514.1	400000	500000	6.0
NW_003805514.1	500000	600000	6.0
NW_003805514.1	600000	700000	3.0
NW_003805514.1	700000	800000	1.0
NW_003805514.1	800000	900000	17.0
NW_003805514.1	900000	1000000	5.0
NW_003805514.1	1000000	1100000	4.0
NW_003805514.1	1100000	1169795	14.0
NW_003805515.1	0	100000	10.0
NW_003805515.1	100000	200000	16.0
NW_003805515.1	200000	300000	6.0
NW_003805515.1	300000	400000	2.0
NW_003805515.1	400000	500000	8.0
NW_003805515.1	500000	600000	7.0
NW_003805515.1	600000	700000	16.0
NW_003805515.1	700000	800000	9.0
NW_003805515.1	800000	900000	10.0
NW_003805515.1	900000	1000000	5.0
NW_003805515.1	1000000	1100000	2.0
NW_003805515.1	1100000	1200000	6.0
NW_003805515.1	1200000	1300000	7.0
NW_003805515.1	1300000	1400000	5.0
NW_003805515.1	1400000	1500000	10.0
NW_003805515.1	1500000	1600000	6.0
NW_003805515.1	1600000	1700000	5.0
NW_003805515.1	1700000	1800000	5.0
NW_003805515.1	1800000	1900000	16.0
NW_003805516.1	0	100000	10.0
NW_003805516.1	100000	200000	5.0
NW_003805516.1	200000	300000	2.0
NW_003805516.1	300000	400000	7.0
NW_003805516.1	400000	500000	11.0
NW_003805516.1	500000	600000	3.0
NW_003805516.1	600000	700000	8.0
NW_003805516.1	700000	800000	4.0
NW_003805516.1	800000	802986	2.0
NW_003805517.1	0	100000	2.0
NW_003805517.1	100000	200000	1.0
NW_003805517.1	200000	300000	10.0
NW_003805517.1	300000	400000	2.0
NW_003805517.1	400000	500000	5.0
NW_003805517.1	500000	600000	5.0
NW_003805517.1	600000	700000	5.0
NW_003805517.1	700000	800000	5.0
NW_003805517.1	800000	900000	6.0
NW_003805517.1	900000	1000000	4.0
NW_003805517.1	1000000	1100000	4.0
NW_003805517.1	1100000	1200000	8.0
NW_003805517.1	1200000	1300000	9.0
NW_003805517.1	1300000	1400000	1.0
NW_003805517.1	1400000	1500000	5.0
NW_003805517.1	1500000	1600000	10.0
NW_003805518.1	0	100000	7.0
NW_003805518.1	100000	200000	9.0
NW_003805518.1	200000	300000	7.0
NW_003805518.1	300000	400000	6.0
NW_003805518.1	400000	500000	6.0
NW_003805518.1	500000	600000	4.0
NW_003805518.1	600000	700000	5.0
NW_003805518.1	700000	800000	4.0
NW_003805518.1	800000	900000	8.0
NW_003805518.1	900000	1000000	13.0
NW_003805518.1	1000000	1100000	9.0
NW_003805518.1	1100000	1200000	4.0
NW_003805518.1	1200000	1300000	9.0
NW_003805518.1	1300000	1400000	11.0
NW_003805518.1	1400000	1500000	15.0
NW_003805518.1	1500000	1600000	1.0
NW_003805518.1	1600000	1700000	3.0
NW_003805518.1	1700000	1800000	11.0
NW_003805518.1	1800000	1900000	6.0
NW_003805518.1	1900000	2000000	11.0
NW_003805518.1	2000000	2100000	10.0
NW_003805518.1	2100000	2189268	6.0
NW_003805519.1	0	57303	4.0
NW_003805520.1	0	100000	7.0
NW_003805520.1	100000	200000	12.0
NW_003805520.1	200000	300000	6.0
NW_003805520.1	300000	400000	6.0
NW_003805520.1	400000	450833	4.0
NW_003805521.1	0	100000	14.0
NW_003805521.1	100000	200000	13.0
NW_003805521.1	200000	300000	14.0
NW_003805521.1	300000	400000	7.0
NW_003805521.1	400000	500000	1.0
NW_003805521.1	500000	600000	1.0
NW_003805521.1	600000	700000	7.0
NW_003805521.1	800000	900000	12.0
NW_003805521.1	900000	923680	4.0
NW_003805522.1	0	24635	2.0
NW_003805523.1	0	70509	2.0
NW_003805524.1	0	100000	5.0
NW_003805524.1	100000	200000	6.0
NW_003805524.1	200000	300000	6.0
NW_003805524.1	300000	400000	1.0
NW_003805524.1	400000	500000	7.0
NW_003805524.1	500000	544475	8.0
NW_003805526.1	0	100000	2.0
NW_003805526.1	200000	300000	1.0
NW_003805526.1	300000	400000	10.0
NW_003805526.1	400000	500000	5.0
NW_003805526.1	500000	509872	1.0
NW_003805527.1	0	100000	8.0
NW_003805527.1	100000	125858	1.0
NW_003805528.1	0	5680	1.0
NW_003805530.1	0	8358	1.0
NW_003805531.1	0	22231	4.0
NW_003805532.1	0	13249	1.0
NW_003805533.1	0	37733	2.0
NW_003805534.1	0	9286	2.0
NW_003805535.1	0	100000	5.0
NW_003805535.1	100000	135281	3.0
NW_003805541.1	0	869	1.0
NW_003805550.1	0	922	1.0
NW_003805554.1	0	1465	1.0
NW_003805570.1	0	412	1.0
NC_009093.1	0	24536	21.0
