Nlong_Un66	0	19084	2.0
Nlong_Un52	0	13018	4.0
Nlong_Un38	0	5204	1.0
Nlong_Un47	0	18311	1.0
Nlong_Un50	0	23366	5.0
Nlong_Chr1	3900000	4000000	7.0
Nlong_Chr1	4100000	4200000	3.0
Nlong_Chr1	4200000	4300000	9.0
Nlong_Chr1	4300000	4400000	1.0
Nlong_Chr1	4000000	4100000	1.0
Nlong_Chr1	2900000	3000000	1.0
Nlong_Chr1	3100000	3200000	5.0
Nlong_Chr1	3200000	3300000	9.0
Nlong_Chr1	3300000	3400000	1.0
Nlong_Chr1	3400000	3500000	4.0
Nlong_Chr1	6400000	6500000	10.0
Nlong_Chr1	6500000	6600000	10.0
Nlong_Chr1	6600000	6700000	5.0
Nlong_Chr1	6800000	6900000	2.0
Nlong_Chr1	6900000	7000000	6.0
Nlong_Chr1	6700000	6800000	1.0
Nlong_Chr1	2400000	2500000	8.0
Nlong_Chr1	2500000	2600000	10.0
Nlong_Chr1	2600000	2700000	10.0
Nlong_Chr1	2700000	2800000	3.0
Nlong_Chr1	3500000	3600000	7.0
Nlong_Chr1	3600000	3700000	2.0
Nlong_Chr1	3700000	3800000	8.0
Nlong_Chr1	3800000	3900000	4.0
Nlong_Chr1	7100000	7200000	3.0
Nlong_Chr1	7200000	7300000	7.0
Nlong_Chr1	7000000	7100000	1.0
Nlong_Chr1	7500000	7600000	4.0
Nlong_Chr1	7600000	7700000	1.0
Nlong_Chr1	7700000	7800000	4.0
Nlong_Chr1	7800000	7900000	2.0
Nlong_Chr1	7900000	8000000	6.0
Nlong_Chr1	6000000	6100000	2.0
Nlong_Chr1	6300000	6400000	10.0
Nlong_Chr1	6100000	6200000	1.0
Nlong_Chr1	6200000	6300000	2.0
Nlong_Chr1	4500000	4600000	2.0
Nlong_Chr1	4600000	4700000	6.0
Nlong_Chr1	4700000	4800000	8.0
Nlong_Chr1	4800000	4900000	8.0
Nlong_Chr1	4900000	5000000	6.0
Nlong_Chr1	5400000	5500000	7.0
Nlong_Chr1	5500000	5600000	6.0
Nlong_Chr1	5600000	5700000	5.0
Nlong_Chr1	5800000	5900000	5.0
Nlong_Chr1	5900000	6000000	7.0
Nlong_Chr1	5700000	5800000	2.0
Nlong_Chr1	2000000	2100000	14.0
Nlong_Chr1	2100000	2200000	12.0
Nlong_Chr1	2200000	2300000	7.0
Nlong_Chr1	2300000	2400000	3.0
Nlong_Chr1	1900000	2000000	11.0
Nlong_Chr1	11700000	11800000	2.0
Nlong_Chr1	11900000	12000000	2.0
Nlong_Chr1	11500000	11600000	1.0
Nlong_Chr1	5000000	5100000	2.0
Nlong_Chr1	5100000	5200000	7.0
Nlong_Chr1	5200000	5300000	7.0
Nlong_Chr1	5300000	5400000	9.0
Nlong_Chr1	1500000	1600000	2.0
Nlong_Chr1	1600000	1700000	12.0
Nlong_Chr1	1700000	1800000	15.0
Nlong_Chr1	1800000	1900000	4.0
Nlong_Chr1	12700000	12800000	3.0
Nlong_Chr1	12800000	12900000	5.0
Nlong_Chr1	12400000	12500000	3.0
Nlong_Chr1	12900000	13000000	4.0
Nlong_Chr1	8400000	8500000	3.0
Nlong_Chr1	8800000	8900000	5.0
Nlong_Chr1	8900000	9000000	2.0
Nlong_Chr1	8600000	8700000	1.0
Nlong_Chr1	8700000	8800000	9.0
Nlong_Chr1	9300000	9400000	9.0
Nlong_Chr1	9400000	9500000	6.0
Nlong_Chr1	9000000	9100000	3.0
Nlong_Chr1	9100000	9200000	1.0
Nlong_Chr1	9200000	9300000	2.0
Nlong_Chr1	12300000	12400000	4.0
Nlong_Chr1	12200000	12300000	1.0
Nlong_Chr1	900000	1000000	20.0
Nlong_Chr1	1000000	1100000	7.0
Nlong_Chr1	1100000	1200000	14.0
Nlong_Chr1	1200000	1300000	9.0
Nlong_Chr1	1300000	1400000	13.0
Nlong_Chr1	1400000	1500000	5.0
Nlong_Chr1	9900000	10000000	3.0
Nlong_Chr1	10000000	10100000	11.0
Nlong_Chr1	10100000	10200000	8.0
Nlong_Chr1	10300000	10400000	13.0
Nlong_Chr1	10400000	10500000	14.0
Nlong_Chr1	10200000	10300000	1.0
Nlong_Chr1	9500000	9600000	7.0
Nlong_Chr1	9600000	9700000	9.0
Nlong_Chr1	9700000	9800000	16.0
Nlong_Chr1	9800000	9900000	6.0
Nlong_Chr1	11000000	11100000	12.0
Nlong_Chr1	11100000	11200000	8.0
Nlong_Chr1	11200000	11300000	9.0
Nlong_Chr1	10900000	11000000	14.0
Nlong_Chr1	13900000	14000000	3.0
Nlong_Chr1	14100000	14200000	7.0
Nlong_Chr1	14200000	14300000	18.0
Nlong_Chr1	14300000	14400000	1.0
Nlong_Chr1	14400000	14500000	7.0
Nlong_Chr1	14000000	14100000	1.0
Nlong_Chr1	13000000	13100000	5.0
Nlong_Chr1	13100000	13200000	5.0
Nlong_Chr1	13200000	13300000	11.0
Nlong_Chr1	13300000	13400000	4.0
Nlong_Chr1	13400000	13500000	6.0
Nlong_Chr1	0	100000	5.0
Nlong_Chr1	100000	200000	9.0
Nlong_Chr1	200000	300000	8.0
Nlong_Chr1	300000	400000	7.0
Nlong_Chr1	14500000	14600000	11.0
Nlong_Chr1	14600000	14700000	8.0
Nlong_Chr1	14700000	14800000	6.0
Nlong_Chr1	14800000	14900000	4.0
Nlong_Chr1	14900000	15000000	7.0
Nlong_Chr1	8000000	8100000	8.0
Nlong_Chr1	8100000	8200000	5.0
Nlong_Chr1	8200000	8300000	3.0
Nlong_Chr1	8300000	8400000	8.0
Nlong_Chr1	15000000	15100000	6.0
Nlong_Chr1	15100000	15200000	5.0
Nlong_Chr1	15200000	15300000	11.0
Nlong_Chr1	15300000	15400000	9.0
Nlong_Chr1	15400000	15500000	4.0
Nlong_Chr1	15500000	15600000	10.0
Nlong_Chr1	15600000	15700000	4.0
Nlong_Chr1	15700000	15800000	10.0
Nlong_Chr1	15800000	15900000	4.0
Nlong_Chr1	15900000	16000000	2.0
Nlong_Chr1	10500000	10600000	6.0
Nlong_Chr1	10600000	10700000	3.0
Nlong_Chr1	10700000	10800000	6.0
Nlong_Chr1	10800000	10900000	9.0
Nlong_Chr1	16000000	16100000	11.0
Nlong_Chr1	16300000	16400000	8.0
Nlong_Chr1	16400000	16500000	2.0
Nlong_Chr1	16100000	16200000	2.0
Nlong_Chr1	16200000	16300000	1.0
Nlong_Chr1	16500000	16600000	12.0
Nlong_Chr1	16600000	16700000	12.0
Nlong_Chr1	16700000	16800000	9.0
Nlong_Chr1	16800000	16900000	6.0
Nlong_Chr1	16900000	17000000	8.0
Nlong_Chr1	18400000	18500000	16.0
Nlong_Chr1	18500000	18600000	11.0
Nlong_Chr1	18600000	18700000	3.0
Nlong_Chr1	18700000	18800000	1.0
Nlong_Chr1	18800000	18900000	6.0
Nlong_Chr1	18900000	19000000	8.0
Nlong_Chr1	19400000	19500000	14.0
Nlong_Chr1	19600000	19700000	8.0
Nlong_Chr1	19700000	19800000	1.0
Nlong_Chr1	19800000	19900000	7.0
Nlong_Chr1	19900000	20000000	23.0
Nlong_Chr1	19000000	19100000	3.0
Nlong_Chr1	19100000	19200000	5.0
Nlong_Chr1	19200000	19300000	7.0
Nlong_Chr1	19300000	19400000	3.0
Nlong_Chr1	18000000	18100000	9.0
Nlong_Chr1	18100000	18200000	5.0
Nlong_Chr1	18200000	18300000	19.0
Nlong_Chr1	18300000	18400000	6.0
Nlong_Chr1	17900000	18000000	8.0
Nlong_Chr1	17400000	17500000	6.0
Nlong_Chr1	17500000	17600000	4.0
Nlong_Chr1	17600000	17700000	13.0
Nlong_Chr1	17700000	17800000	8.0
Nlong_Chr1	17800000	17900000	11.0
Nlong_Chr1	13500000	13600000	2.0
Nlong_Chr1	13600000	13700000	9.0
Nlong_Chr1	13700000	13800000	3.0
Nlong_Chr1	13800000	13900000	10.0
Nlong_Chr1	20900000	21000000	7.0
Nlong_Chr1	21000000	21100000	7.0
Nlong_Chr1	21100000	21200000	2.0
Nlong_Chr1	21400000	21500000	17.0
Nlong_Chr1	17000000	17100000	7.0
Nlong_Chr1	17100000	17200000	13.0
Nlong_Chr1	17200000	17300000	13.0
Nlong_Chr1	20500000	20600000	4.0
Nlong_Chr1	20600000	20700000	3.0
Nlong_Chr1	20700000	20800000	11.0
Nlong_Chr1	20800000	20900000	5.0
Nlong_Chr1	20400000	20500000	1.0
Nlong_Chr1	23900000	24000000	7.0
Nlong_Chr1	24000000	24100000	3.0
Nlong_Chr1	26900000	27000000	6.0
Nlong_Chr1	27000000	27100000	16.0
Nlong_Chr1	27100000	27200000	5.0
Nlong_Chr1	27200000	27300000	1.0
Nlong_Chr1	21900000	22000000	17.0
Nlong_Chr1	22000000	22100000	14.0
Nlong_Chr1	22200000	22300000	14.0
Nlong_Chr1	22300000	22400000	15.0
Nlong_Chr1	22400000	22500000	11.0
Nlong_Chr1	22100000	22200000	1.0
Nlong_Chr1	400000	500000	4.0
Nlong_Chr1	500000	600000	15.0
Nlong_Chr1	600000	700000	18.0
Nlong_Chr1	700000	800000	15.0
Nlong_Chr1	800000	900000	17.0
Nlong_Chr1	22900000	23000000	12.0
Nlong_Chr1	23000000	23100000	4.0
Nlong_Chr1	23100000	23200000	6.0
Nlong_Chr1	23200000	23300000	9.0
Nlong_Chr1	23300000	23400000	3.0
Nlong_Chr1	23400000	23500000	16.0
Nlong_Chr1	24400000	24500000	3.0
Nlong_Chr1	24500000	24600000	5.0
Nlong_Chr1	24700000	24800000	2.0
Nlong_Chr1	24800000	24900000	17.0
Nlong_Chr1	24900000	25000000	7.0
Nlong_Chr1	25400000	25500000	6.0
Nlong_Chr1	25500000	25600000	1.0
Nlong_Chr1	25700000	25800000	11.0
Nlong_Chr1	25800000	25900000	8.0
Nlong_Chr1	25900000	26000000	24.0
Nlong_Chr1	21500000	21600000	5.0
Nlong_Chr1	21600000	21700000	9.0
Nlong_Chr1	21700000	21800000	4.0
Nlong_Chr1	21800000	21900000	9.0
Nlong_Chr1	26500000	26600000	3.0
Nlong_Chr1	26600000	26700000	8.0
Nlong_Chr1	26700000	26800000	15.0
Nlong_Chr1	26800000	26900000	14.0
Nlong_Chr1	27400000	27500000	6.0
Nlong_Chr1	27500000	27600000	9.0
Nlong_Chr1	27700000	27800000	14.0
Nlong_Chr1	27900000	28000000	3.0
Nlong_Chr1	27800000	27900000	1.0
Nlong_Chr1	22500000	22600000	15.0
Nlong_Chr1	22600000	22700000	12.0
Nlong_Chr1	22700000	22800000	10.0
Nlong_Chr1	22800000	22900000	5.0
Nlong_Chr1	26000000	26100000	12.0
Nlong_Chr1	26100000	26200000	6.0
Nlong_Chr1	26200000	26300000	10.0
Nlong_Chr1	26300000	26400000	2.0
Nlong_Chr1	26400000	26500000	6.0
Nlong_Chr1	29000000	29100000	6.0
Nlong_Chr1	29100000	29200000	10.0
Nlong_Chr1	29200000	29300000	5.0
Nlong_Chr1	29300000	29400000	6.0
Nlong_Chr1	29400000	29500000	3.0
Nlong_Chr1	30900000	31000000	9.0
Nlong_Chr1	31100000	31200000	1.0
Nlong_Chr1	31200000	31300000	4.0
Nlong_Chr1	31300000	31400000	3.0
Nlong_Chr1	31000000	31100000	1.0
Nlong_Chr1	23600000	23700000	10.0
Nlong_Chr1	23700000	23800000	8.0
Nlong_Chr1	23800000	23900000	4.0
Nlong_Chr1	23500000	23600000	1.0
Nlong_Chr1	29500000	29600000	3.0
Nlong_Chr1	29600000	29700000	6.0
Nlong_Chr1	29700000	29800000	4.0
Nlong_Chr1	29800000	29900000	7.0
Nlong_Chr1	29900000	30000000	7.0
Nlong_Chr1	28600000	28700000	9.0
Nlong_Chr1	28800000	28900000	9.0
Nlong_Chr1	28400000	28500000	2.0
Nlong_Chr1	28500000	28600000	1.0
Nlong_Chr1	28900000	29000000	3.0
Nlong_Chr1	31400000	31500000	2.0
Nlong_Chr1	31500000	31600000	7.0
Nlong_Chr1	31600000	31700000	12.0
Nlong_Chr1	31700000	31800000	9.0
Nlong_Chr1	31800000	31900000	8.0
Nlong_Chr1	31900000	32000000	5.0
Nlong_Chr1	32000000	32100000	1.0
Nlong_Chr1	32100000	32200000	12.0
Nlong_Chr1	32200000	32300000	4.0
Nlong_Chr1	32300000	32400000	12.0
Nlong_Chr1	32400000	32500000	14.0
Nlong_Chr1	30000000	30100000	8.0
Nlong_Chr1	30100000	30200000	10.0
Nlong_Chr1	30200000	30300000	2.0
Nlong_Chr1	30300000	30400000	7.0
Nlong_Chr1	30400000	30500000	26.0
Nlong_Chr1	30500000	30600000	9.0
Nlong_Chr1	30600000	30700000	5.0
Nlong_Chr1	30700000	30800000	14.0
Nlong_Chr1	30800000	30900000	17.0
Nlong_Chr1	32500000	32600000	3.0
Nlong_Chr1	32600000	32700000	14.0
Nlong_Chr1	32700000	32800000	6.0
Nlong_Chr1	32800000	32900000	9.0
Nlong_Chr1	32900000	33000000	11.0
Nlong_Chr1	34900000	35000000	2.0
Nlong_Chr1	35000000	35100000	10.0
Nlong_Chr1	35100000	35200000	4.0
Nlong_Chr1	35200000	35300000	13.0
Nlong_Chr1	35300000	35400000	7.0
Nlong_Chr1	28000000	28100000	1.0
Nlong_Chr1	28100000	28200000	6.0
Nlong_Chr1	28200000	28300000	16.0
Nlong_Chr1	28300000	28400000	15.0
Nlong_Chr1	33900000	34000000	11.0
Nlong_Chr1	34100000	34200000	3.0
Nlong_Chr1	34200000	34300000	13.0
Nlong_Chr1	34400000	34500000	11.0
Nlong_Chr1	34000000	34100000	1.0
Nlong_Chr1	34300000	34400000	2.0
Nlong_Chr1	38000000	38100000	2.0
Nlong_Chr1	38100000	38200000	2.0
Nlong_Chr1	38200000	38300000	5.0
Nlong_Chr1	38300000	38400000	9.0
Nlong_Chr1	38400000	38500000	15.0
Nlong_Chr1	34500000	34600000	20.0
Nlong_Chr1	34600000	34700000	5.0
Nlong_Chr1	34700000	34800000	10.0
Nlong_Chr1	34800000	34900000	16.0
Nlong_Chr1	36900000	37000000	1.0
Nlong_Chr1	37200000	37300000	10.0
Nlong_Chr1	37300000	37400000	16.0
Nlong_Chr1	37400000	37500000	7.0
Nlong_Chr1	37000000	37100000	1.0
Nlong_Chr1	35900000	36000000	9.0
Nlong_Chr1	36000000	36100000	14.0
Nlong_Chr1	36100000	36200000	6.0
Nlong_Chr1	36200000	36300000	3.0
Nlong_Chr1	36300000	36400000	12.0
Nlong_Chr1	36400000	36500000	9.0
Nlong_Chr1	35600000	35700000	9.0
Nlong_Chr1	35700000	35800000	6.0
Nlong_Chr1	35800000	35900000	9.0
Nlong_Chr1	35500000	35600000	2.0
Nlong_Chr1	37500000	37600000	12.0
Nlong_Chr1	37600000	37700000	3.0
Nlong_Chr1	37700000	37800000	15.0
Nlong_Chr1	37900000	38000000	1.0
Nlong_Chr1	33400000	33500000	11.0
Nlong_Chr1	33500000	33600000	5.0
Nlong_Chr1	33600000	33700000	7.0
Nlong_Chr1	33700000	33800000	14.0
Nlong_Chr1	33800000	33900000	10.0
Nlong_Chr1	36500000	36600000	10.0
Nlong_Chr1	36600000	36700000	15.0
Nlong_Chr1	36700000	36800000	6.0
Nlong_Chr1	43100000	43200000	4.0
Nlong_Chr1	43200000	43300000	10.0
Nlong_Chr1	43300000	43400000	6.0
Nlong_Chr1	43400000	43500000	7.0
Nlong_Chr1	43000000	43100000	1.0
Nlong_Chr1	40900000	41000000	1.0
Nlong_Chr1	41000000	41100000	6.0
Nlong_Chr1	41200000	41300000	8.0
Nlong_Chr1	41300000	41400000	2.0
Nlong_Chr1	41100000	41200000	2.0
Nlong_Chr1	39900000	40000000	2.0
Nlong_Chr1	40000000	40100000	6.0
Nlong_Chr1	40100000	40200000	17.0
Nlong_Chr1	40200000	40300000	6.0
Nlong_Chr1	40300000	40400000	8.0
Nlong_Chr1	40400000	40500000	10.0
Nlong_Chr1	43500000	43600000	12.0
Nlong_Chr1	43600000	43700000	2.0
Nlong_Chr1	43700000	43800000	4.0
Nlong_Chr1	43800000	43900000	12.0
Nlong_Chr1	43900000	44000000	12.0
Nlong_Chr1	41900000	42000000	12.0
Nlong_Chr1	42000000	42100000	8.0
Nlong_Chr1	42100000	42200000	9.0
Nlong_Chr1	42200000	42300000	8.0
Nlong_Chr1	42400000	42500000	6.0
Nlong_Chr1	42300000	42400000	1.0
Nlong_Chr1	42500000	42600000	6.0
Nlong_Chr1	42600000	42700000	3.0
Nlong_Chr1	42700000	42800000	14.0
Nlong_Chr1	42800000	42900000	12.0
Nlong_Chr1	42900000	43000000	6.0
Nlong_Chr1	41400000	41500000	1.0
Nlong_Chr1	41500000	41600000	7.0
Nlong_Chr1	41600000	41700000	4.0
Nlong_Chr1	41700000	41800000	3.0
Nlong_Chr1	41800000	41900000	12.0
Nlong_Chr1	40500000	40600000	19.0
Nlong_Chr1	40600000	40700000	11.0
Nlong_Chr1	40700000	40800000	8.0
Nlong_Chr1	40800000	40900000	7.0
Nlong_Chr1	39400000	39500000	14.0
Nlong_Chr1	39500000	39600000	3.0
Nlong_Chr1	39600000	39700000	8.0
Nlong_Chr1	39700000	39800000	11.0
Nlong_Chr1	39800000	39900000	4.0
Nlong_Chr1	44000000	44100000	9.0
Nlong_Chr1	44100000	44200000	4.0
Nlong_Chr1	44200000	44300000	6.0
Nlong_Chr1	38500000	38600000	16.0
Nlong_Chr1	38600000	38700000	11.0
Nlong_Chr1	38700000	38800000	15.0
Nlong_Chr1	38800000	38900000	7.0
Nlong_Chr1	44500000	44600000	6.0
Nlong_Chr1	44600000	44700000	7.0
Nlong_Chr1	44700000	44800000	11.0
Nlong_Chr1	44800000	44900000	2.0
Nlong_Chr1	47500000	47600000	4.0
Nlong_Chr1	47600000	47700000	5.0
Nlong_Chr1	47700000	47800000	1.0
Nlong_Chr1	47400000	47500000	2.0
Nlong_Chr1	47800000	47900000	1.0
Nlong_Chr1	38900000	39000000	1.0
Nlong_Chr1	39100000	39200000	6.0
Nlong_Chr1	39200000	39300000	13.0
Nlong_Chr1	39300000	39400000	4.0
Nlong_Chr1	39000000	39100000	4.0
Nlong_Chr1	48900000	49000000	9.0
Nlong_Chr1	49000000	49100000	1.0
Nlong_Chr1	49100000	49200000	3.0
Nlong_Chr1	49200000	49300000	1.0
Nlong_Chr1	49300000	49400000	6.0
Nlong_Chr1	49400000	49500000	11.0
Nlong_Chr1	49900000	50000000	8.0
Nlong_Chr1	50000000	50100000	7.0
Nlong_Chr1	50100000	50200000	2.0
Nlong_Chr1	50300000	50400000	2.0
Nlong_Chr1	50400000	50500000	5.0
Nlong_Chr1	50200000	50300000	1.0
Nlong_Chr1	44900000	45000000	2.0
Nlong_Chr1	45000000	45100000	10.0
Nlong_Chr1	45100000	45200000	10.0
Nlong_Chr1	45200000	45300000	4.0
Nlong_Chr1	45300000	45400000	7.0
Nlong_Chr1	45400000	45500000	7.0
Nlong_Chr1	33000000	33100000	7.0
Nlong_Chr1	33100000	33200000	7.0
Nlong_Chr1	33300000	33400000	11.0
Nlong_Chr1	33200000	33300000	3.0
Nlong_Chr1	45600000	45700000	13.0
Nlong_Chr1	45700000	45800000	8.0
Nlong_Chr1	45800000	45900000	11.0
Nlong_Chr1	45500000	45600000	1.0
Nlong_Chr1	45900000	46000000	4.0
Nlong_Chr1	20000000	20100000	8.0
Nlong_Chr1	20100000	20200000	11.0
Nlong_Chr1	20200000	20300000	11.0
Nlong_Chr1	20300000	20400000	8.0
Nlong_Chr1	46000000	46100000	3.0
Nlong_Chr1	46100000	46200000	7.0
Nlong_Chr1	46200000	46300000	6.0
Nlong_Chr1	46300000	46400000	6.0
Nlong_Chr1	46400000	46500000	9.0
Nlong_Chr1	47900000	48000000	2.0
Nlong_Chr1	48000000	48100000	16.0
Nlong_Chr1	48100000	48200000	4.0
Nlong_Chr1	48200000	48300000	8.0
Nlong_Chr1	48300000	48400000	10.0
Nlong_Chr1	48400000	48500000	11.0
Nlong_Chr1	49500000	49600000	6.0
Nlong_Chr1	49600000	49700000	12.0
Nlong_Chr1	49700000	49800000	8.0
Nlong_Chr1	49800000	49900000	6.0
Nlong_Chr1	46500000	46600000	11.0
Nlong_Chr1	46600000	46700000	7.0
Nlong_Chr1	46700000	46800000	10.0
Nlong_Chr1	46800000	46900000	13.0
Nlong_Chr1	46900000	47000000	3.0
Nlong_Chr1	47000000	47100000	6.0
Nlong_Chr1	47100000	47200000	1.0
Nlong_Chr1	47200000	47300000	5.0
Nlong_Chr1	47300000	47400000	8.0
Nlong_Chr1	25000000	25100000	13.0
Nlong_Chr1	25100000	25200000	7.0
Nlong_Chr1	25300000	25400000	7.0
Nlong_Chr1	25200000	25300000	19.0
Nlong_Chr1	51400000	51500000	11.0
Nlong_Chr1	51700000	51800000	11.0
Nlong_Chr1	51800000	51900000	13.0
Nlong_Chr1	51900000	52000000	6.0
Nlong_Chr1	51500000	51600000	1.0
Nlong_Chr1	51600000	51700000	1.0
Nlong_Chr1	50500000	50600000	12.0
Nlong_Chr1	50600000	50700000	6.0
Nlong_Chr1	50700000	50800000	6.0
Nlong_Chr1	50800000	50900000	10.0
Nlong_Chr1	48500000	48600000	9.0
Nlong_Chr1	48600000	48700000	3.0
Nlong_Chr1	48700000	48800000	6.0
Nlong_Chr1	48800000	48900000	4.0
Nlong_Chr1	54900000	55000000	7.0
Nlong_Chr1	55000000	55100000	5.0
Nlong_Chr1	55200000	55300000	2.0
Nlong_Chr1	55300000	55400000	11.0
Nlong_Chr1	55100000	55200000	2.0
Nlong_Chr1	55400000	55500000	2.0
Nlong_Chr1	52000000	52100000	4.0
Nlong_Chr1	52100000	52200000	5.0
Nlong_Chr1	52200000	52300000	12.0
Nlong_Chr1	52300000	52400000	9.0
Nlong_Chr1	52400000	52500000	10.0
Nlong_Chr1	52500000	52600000	12.0
Nlong_Chr1	52600000	52700000	4.0
Nlong_Chr1	52700000	52800000	5.0
Nlong_Chr1	52800000	52900000	13.0
Nlong_Chr1	52900000	53000000	10.0
Nlong_Chr1	53400000	53500000	7.0
Nlong_Chr1	53500000	53600000	7.0
Nlong_Chr1	53600000	53700000	13.0
Nlong_Chr1	53700000	53800000	13.0
Nlong_Chr1	53800000	53900000	11.0
Nlong_Chr1	53900000	54000000	9.0
Nlong_Chr1	56000000	56100000	7.0
Nlong_Chr1	56100000	56200000	4.0
Nlong_Chr1	56200000	56300000	9.0
Nlong_Chr1	56300000	56400000	10.0
Nlong_Chr1	56400000	56500000	16.0
Nlong_Chr1	55500000	55600000	5.0
Nlong_Chr1	55700000	55800000	6.0
Nlong_Chr1	55800000	55900000	12.0
Nlong_Chr1	55900000	56000000	4.0
Nlong_Chr1	54000000	54100000	10.0
Nlong_Chr1	54100000	54200000	8.0
Nlong_Chr1	54200000	54300000	8.0
Nlong_Chr1	54300000	54400000	11.0
Nlong_Chr1	54400000	54500000	7.0
Nlong_Chr1	50900000	51000000	3.0
Nlong_Chr1	51000000	51100000	10.0
Nlong_Chr1	51100000	51200000	3.0
Nlong_Chr1	51200000	51300000	2.0
Nlong_Chr1	51300000	51400000	1.0
Nlong_Chr1	58000000	58100000	1.0
Nlong_Chr1	58100000	58200000	4.0
Nlong_Chr1	58200000	58300000	4.0
Nlong_Chr1	58300000	58400000	12.0
Nlong_Chr1	58400000	58500000	13.0
Nlong_Chr1	53000000	53100000	14.0
Nlong_Chr1	53100000	53200000	5.0
Nlong_Chr1	53200000	53300000	2.0
Nlong_Chr1	53300000	53400000	7.0
Nlong_Chr1	57500000	57600000	2.0
Nlong_Chr1	57600000	57700000	1.0
Nlong_Chr1	57800000	57900000	6.0
Nlong_Chr1	57900000	58000000	7.0
Nlong_Chr1	60000000	60100000	10.0
Nlong_Chr1	60100000	60200000	5.0
Nlong_Chr1	60400000	60500000	7.0
Nlong_Chr1	60500000	60535784	1.0
Nlong_Chr1	59900000	60000000	6.0
Nlong_Chr1	60200000	60300000	3.0
Nlong_Chr1	60300000	60400000	5.0
Nlong_Chr1	56500000	56600000	14.0
Nlong_Chr1	56600000	56700000	14.0
Nlong_Chr1	56700000	56800000	9.0
Nlong_Chr1	56800000	56900000	14.0
Nlong_Chr1	56900000	57000000	9.0
Nlong_Chr1	57000000	57100000	14.0
Nlong_Chr1	57100000	57200000	2.0
Nlong_Chr1	57200000	57300000	3.0
Nlong_Chr1	57300000	57400000	10.0
Nlong_Chr1	57400000	57500000	5.0
Nlong_Chr1	58900000	59000000	7.0
Nlong_Chr1	59000000	59100000	13.0
Nlong_Chr1	59100000	59200000	12.0
Nlong_Chr1	59200000	59300000	9.0
Nlong_Chr1	59300000	59400000	14.0
Nlong_Chr1	59400000	59500000	17.0
Nlong_Chr1	54500000	54600000	4.0
Nlong_Chr1	54700000	54800000	9.0
Nlong_Chr1	54600000	54700000	2.0
Nlong_Chr1	54800000	54900000	8.0
Nlong_Chr1	59500000	59600000	15.0
Nlong_Chr1	59600000	59700000	3.0
Nlong_Chr1	59700000	59800000	9.0
Nlong_Chr1	59800000	59900000	9.0
Nlong_Chr1	58500000	58600000	9.0
Nlong_Chr1	58600000	58700000	7.0
Nlong_Chr1	58700000	58800000	10.0
Nlong_Chr1	58800000	58900000	6.0
Nlong_Un44	0	26318	2.0
Nlong_Un30	0	29930	3.0
Nlong_Un23	0	40769	7.0
Nlong_Un57	0	13582	2.0
Nlong_Un10	0	67763	3.0
Nlong_Un18	0	8540	3.0
Nlong_Un17	0	49941	3.0
Nlong_Un43	0	5883	1.0
Nlong_Un61	0	1876	1.0
Nlong_Un33	0	30223	5.0
Nlong_Chr2	200000	300000	3.0
Nlong_Chr2	300000	400000	5.0
Nlong_Chr2	400000	500000	12.0
Nlong_Chr2	0	100000	2.0
Nlong_Chr2	1000000	1100000	7.0
Nlong_Chr2	1100000	1200000	6.0
Nlong_Chr2	1200000	1300000	6.0
Nlong_Chr2	1300000	1400000	4.0
Nlong_Chr2	1400000	1500000	7.0
Nlong_Chr2	500000	600000	13.0
Nlong_Chr2	600000	700000	12.0
Nlong_Chr2	700000	800000	5.0
Nlong_Chr2	900000	1000000	1.0
Nlong_Chr2	2000000	2100000	8.0
Nlong_Chr2	2100000	2200000	11.0
Nlong_Chr2	2200000	2300000	1.0
Nlong_Chr2	2300000	2400000	1.0
Nlong_Chr2	2400000	2500000	7.0
Nlong_Chr2	1900000	2000000	8.0
Nlong_Chr2	1500000	1600000	5.0
Nlong_Chr2	1600000	1700000	9.0
Nlong_Chr2	1700000	1800000	10.0
Nlong_Chr2	1800000	1900000	15.0
Nlong_Chr2	3000000	3100000	4.0
Nlong_Chr2	3100000	3200000	19.0
Nlong_Chr2	3200000	3300000	14.0
Nlong_Chr2	3300000	3400000	3.0
Nlong_Chr2	3400000	3500000	14.0
Nlong_Chr2	2500000	2600000	13.0
Nlong_Chr2	2600000	2700000	12.0
Nlong_Chr2	2700000	2800000	17.0
Nlong_Chr2	2800000	2900000	21.0
Nlong_Chr2	2900000	3000000	7.0
Nlong_Chr2	3500000	3600000	10.0
Nlong_Chr2	3600000	3700000	10.0
Nlong_Chr2	3700000	3800000	7.0
Nlong_Chr2	3800000	3900000	11.0
Nlong_Chr2	3900000	4000000	5.0
Nlong_Chr2	4000000	4100000	10.0
Nlong_Chr2	4100000	4200000	9.0
Nlong_Chr2	4200000	4300000	7.0
Nlong_Chr2	4300000	4400000	9.0
Nlong_Chr2	4400000	4500000	8.0
Nlong_Chr2	4500000	4600000	3.0
Nlong_Chr2	4600000	4700000	7.0
Nlong_Chr2	4700000	4800000	1.0
Nlong_Chr2	4800000	4900000	2.0
Nlong_Chr2	4900000	5000000	12.0
Nlong_Chr2	5000000	5100000	2.0
Nlong_Chr2	5100000	5200000	4.0
Nlong_Chr2	5200000	5300000	6.0
Nlong_Chr2	5300000	5400000	6.0
Nlong_Chr2	5400000	5500000	8.0
Nlong_Chr2	5900000	6000000	7.0
Nlong_Chr2	6000000	6100000	9.0
Nlong_Chr2	6100000	6200000	6.0
Nlong_Chr2	6200000	6300000	1.0
Nlong_Chr2	6400000	6500000	1.0
Nlong_Chr2	6300000	6400000	1.0
Nlong_Chr2	6500000	6600000	7.0
Nlong_Chr2	6600000	6700000	5.0
Nlong_Chr2	6700000	6800000	7.0
Nlong_Chr2	6800000	6900000	18.0
Nlong_Chr2	6900000	7000000	11.0
Nlong_Chr2	5600000	5700000	12.0
Nlong_Chr2	5700000	5800000	12.0
Nlong_Chr2	5800000	5900000	12.0
Nlong_Chr2	5500000	5600000	1.0
Nlong_Chr2	7400000	7500000	5.0
Nlong_Chr2	7500000	7600000	10.0
Nlong_Chr2	7600000	7700000	2.0
Nlong_Chr2	7700000	7800000	2.0
Nlong_Chr2	7900000	8000000	17.0
Nlong_Chr2	7000000	7100000	3.0
Nlong_Chr2	7100000	7200000	8.0
Nlong_Chr2	7200000	7300000	10.0
Nlong_Chr2	7300000	7400000	10.0
Nlong_Chr2	8000000	8100000	14.0
Nlong_Chr2	8100000	8200000	9.0
Nlong_Chr2	8300000	8400000	6.0
Nlong_Chr2	8400000	8500000	3.0
Nlong_Chr2	8200000	8300000	1.0
Nlong_Chr2	9000000	9100000	7.0
Nlong_Chr2	9200000	9300000	2.0
Nlong_Chr2	9300000	9400000	8.0
Nlong_Chr2	9400000	9500000	8.0
Nlong_Chr2	9100000	9200000	2.0
Nlong_Chr2	8500000	8600000	5.0
Nlong_Chr2	8700000	8800000	5.0
Nlong_Chr2	8800000	8900000	18.0
Nlong_Chr2	8900000	9000000	1.0
Nlong_Chr2	8600000	8700000	1.0
Nlong_Chr2	9500000	9600000	5.0
Nlong_Chr2	9600000	9700000	4.0
Nlong_Chr2	9700000	9800000	2.0
Nlong_Chr2	9800000	9900000	4.0
Nlong_Chr2	9900000	10000000	13.0
Nlong_Chr2	10400000	10500000	2.0
Nlong_Chr2	10500000	10600000	2.0
Nlong_Chr2	10600000	10700000	13.0
Nlong_Chr2	10700000	10800000	13.0
Nlong_Chr2	10800000	10900000	11.0
Nlong_Chr2	10900000	11000000	5.0
Nlong_Chr2	10000000	10100000	11.0
Nlong_Chr2	10100000	10200000	8.0
Nlong_Chr2	10200000	10300000	18.0
Nlong_Chr2	10300000	10400000	17.0
Nlong_Chr2	11400000	11500000	5.0
Nlong_Chr2	11500000	11600000	2.0
Nlong_Chr2	11600000	11700000	2.0
Nlong_Chr2	11700000	11800000	6.0
Nlong_Chr2	11800000	11900000	20.0
Nlong_Chr2	11900000	12000000	5.0
Nlong_Chr2	11000000	11100000	14.0
Nlong_Chr2	11100000	11200000	10.0
Nlong_Chr2	11300000	11400000	2.0
Nlong_Chr2	12000000	12100000	10.0
Nlong_Chr2	12100000	12200000	9.0
Nlong_Chr2	12300000	12400000	13.0
Nlong_Chr2	12400000	12500000	9.0
Nlong_Chr2	12200000	12300000	1.0
Nlong_Chr2	12500000	12600000	8.0
Nlong_Chr2	12600000	12700000	4.0
Nlong_Chr2	12700000	12800000	7.0
Nlong_Chr2	12800000	12900000	12.0
Nlong_Chr2	12900000	13000000	4.0
Nlong_Chr2	13000000	13100000	15.0
Nlong_Chr2	13100000	13200000	18.0
Nlong_Chr2	13200000	13300000	12.0
Nlong_Chr2	13300000	13400000	11.0
Nlong_Chr2	13400000	13500000	10.0
Nlong_Chr2	14100000	14200000	3.0
Nlong_Chr2	14200000	14300000	14.0
Nlong_Chr2	14300000	14400000	14.0
Nlong_Chr2	14400000	14500000	14.0
Nlong_Chr2	13900000	14000000	11.0
Nlong_Chr2	14000000	14100000	2.0
Nlong_Chr2	13600000	13700000	3.0
Nlong_Chr2	13700000	13800000	7.0
Nlong_Chr2	13800000	13900000	9.0
Nlong_Chr2	13500000	13600000	2.0
Nlong_Chr2	14500000	14600000	11.0
Nlong_Chr2	14600000	14700000	22.0
Nlong_Chr2	14700000	14800000	7.0
Nlong_Chr2	14900000	15000000	8.0
Nlong_Chr2	14800000	14900000	6.0
Nlong_Chr2	15000000	15100000	7.0
Nlong_Chr2	15100000	15200000	10.0
Nlong_Chr2	15200000	15300000	5.0
Nlong_Chr2	15300000	15400000	14.0
Nlong_Chr2	15400000	15500000	15.0
Nlong_Chr2	15500000	15600000	11.0
Nlong_Chr2	15600000	15700000	10.0
Nlong_Chr2	15700000	15800000	2.0
Nlong_Chr2	15800000	15900000	3.0
Nlong_Chr2	15900000	16000000	24.0
Nlong_Chr2	16000000	16100000	3.0
Nlong_Chr2	16100000	16200000	2.0
Nlong_Chr2	16200000	16300000	3.0
Nlong_Chr2	16300000	16400000	3.0
Nlong_Chr2	16400000	16500000	10.0
Nlong_Chr2	16900000	17000000	8.0
Nlong_Chr2	17000000	17100000	7.0
Nlong_Chr2	17200000	17300000	2.0
Nlong_Chr2	17300000	17400000	6.0
Nlong_Chr2	17400000	17500000	9.0
Nlong_Chr2	16500000	16600000	8.0
Nlong_Chr2	16700000	16800000	14.0
Nlong_Chr2	16600000	16700000	1.0
Nlong_Chr2	16800000	16900000	1.0
Nlong_Chr2	17500000	17600000	5.0
Nlong_Chr2	17600000	17700000	12.0
Nlong_Chr2	17700000	17800000	12.0
Nlong_Chr2	17800000	17900000	6.0
Nlong_Chr2	17900000	18000000	2.0
Nlong_Chr2	18000000	18100000	5.0
Nlong_Chr2	18100000	18200000	9.0
Nlong_Chr2	18200000	18300000	14.0
Nlong_Chr2	18300000	18400000	4.0
Nlong_Chr2	18400000	18500000	6.0
Nlong_Chr2	18500000	18600000	10.0
Nlong_Chr2	18600000	18700000	11.0
Nlong_Chr2	18700000	18800000	8.0
Nlong_Chr2	18800000	18900000	13.0
Nlong_Chr2	18900000	19000000	9.0
Nlong_Chr2	19000000	19100000	14.0
Nlong_Chr2	19200000	19300000	14.0
Nlong_Chr2	19300000	19400000	12.0
Nlong_Chr2	19400000	19500000	8.0
Nlong_Chr2	19100000	19200000	4.0
Nlong_Chr2	19900000	20000000	9.0
Nlong_Chr2	20000000	20100000	12.0
Nlong_Chr2	20100000	20200000	9.0
Nlong_Chr2	20200000	20300000	15.0
Nlong_Chr2	20300000	20400000	6.0
Nlong_Chr2	20400000	20500000	2.0
Nlong_Chr2	19500000	19600000	11.0
Nlong_Chr2	19600000	19700000	3.0
Nlong_Chr2	19700000	19800000	15.0
Nlong_Chr2	19800000	19900000	7.0
Nlong_Chr2	20900000	21000000	12.0
Nlong_Chr2	21000000	21100000	3.0
Nlong_Chr2	21100000	21200000	14.0
Nlong_Chr2	21200000	21300000	1.0
Nlong_Chr2	21300000	21400000	1.0
Nlong_Chr2	20500000	20600000	15.0
Nlong_Chr2	20600000	20700000	17.0
Nlong_Chr2	20700000	20800000	8.0
Nlong_Chr2	21900000	22000000	5.0
Nlong_Chr2	22000000	22100000	17.0
Nlong_Chr2	22100000	22200000	12.0
Nlong_Chr2	22200000	22300000	18.0
Nlong_Chr2	22300000	22400000	3.0
Nlong_Chr2	21400000	21500000	4.0
Nlong_Chr2	21500000	21600000	17.0
Nlong_Chr2	21600000	21700000	15.0
Nlong_Chr2	21700000	21800000	13.0
Nlong_Chr2	21800000	21900000	14.0
Nlong_Chr2	22400000	22500000	3.0
Nlong_Chr2	22500000	22600000	9.0
Nlong_Chr2	22600000	22700000	12.0
Nlong_Chr2	22700000	22800000	10.0
Nlong_Chr2	22800000	22900000	16.0
Nlong_Chr2	22900000	23000000	21.0
Nlong_Chr2	23400000	23500000	9.0
Nlong_Chr2	23600000	23700000	6.0
Nlong_Chr2	23800000	23900000	4.0
Nlong_Chr2	23500000	23600000	7.0
Nlong_Chr2	23700000	23800000	1.0
Nlong_Chr2	23100000	23200000	16.0
Nlong_Chr2	23200000	23300000	10.0
Nlong_Chr2	23300000	23400000	6.0
Nlong_Chr2	23000000	23100000	2.0
Nlong_Chr2	23900000	24000000	2.0
Nlong_Chr2	24000000	24100000	14.0
Nlong_Chr2	24100000	24200000	16.0
Nlong_Chr2	24200000	24300000	14.0
Nlong_Chr2	24300000	24400000	3.0
Nlong_Chr2	24400000	24500000	2.0
Nlong_Chr2	24500000	24600000	10.0
Nlong_Chr2	24700000	24800000	5.0
Nlong_Chr2	24800000	24900000	12.0
Nlong_Chr2	24900000	25000000	19.0
Nlong_Chr2	24600000	24700000	1.0
Nlong_Chr2	25000000	25100000	12.0
Nlong_Chr2	25100000	25200000	7.0
Nlong_Chr2	25200000	25300000	9.0
Nlong_Chr2	25300000	25400000	25.0
Nlong_Chr2	25400000	25500000	5.0
Nlong_Chr2	25500000	25600000	6.0
Nlong_Chr2	25600000	25700000	3.0
Nlong_Chr2	25700000	25800000	6.0
Nlong_Chr2	25800000	25900000	12.0
Nlong_Chr2	25900000	26000000	4.0
Nlong_Chr2	26000000	26100000	10.0
Nlong_Chr2	26100000	26200000	9.0
Nlong_Chr2	26300000	26400000	7.0
Nlong_Chr2	26400000	26500000	16.0
Nlong_Chr2	26200000	26300000	2.0
Nlong_Chr2	26900000	27000000	19.0
Nlong_Chr2	27000000	27100000	19.0
Nlong_Chr2	27100000	27200000	14.0
Nlong_Chr2	27200000	27300000	10.0
Nlong_Chr2	27300000	27400000	10.0
Nlong_Chr2	27400000	27500000	11.0
Nlong_Chr2	26500000	26600000	15.0
Nlong_Chr2	26600000	26700000	5.0
Nlong_Chr2	26700000	26800000	8.0
Nlong_Chr2	26800000	26900000	21.0
Nlong_Chr2	27900000	28000000	10.0
Nlong_Chr2	28000000	28100000	9.0
Nlong_Chr2	28100000	28200000	7.0
Nlong_Chr2	28300000	28400000	4.0
Nlong_Chr2	28400000	28500000	6.0
Nlong_Chr2	28200000	28300000	1.0
Nlong_Chr2	28900000	29000000	5.0
Nlong_Chr2	29100000	29200000	6.0
Nlong_Chr2	29200000	29300000	15.0
Nlong_Chr2	29300000	29400000	18.0
Nlong_Chr2	29400000	29500000	14.0
Nlong_Chr2	29000000	29100000	4.0
Nlong_Chr2	28500000	28600000	9.0
Nlong_Chr2	28600000	28700000	10.0
Nlong_Chr2	28700000	28800000	8.0
Nlong_Chr2	28800000	28900000	9.0
Nlong_Chr2	29500000	29600000	9.0
Nlong_Chr2	29600000	29700000	7.0
Nlong_Chr2	29700000	29800000	3.0
Nlong_Chr2	29800000	29900000	12.0
Nlong_Chr2	29900000	30000000	20.0
Nlong_Chr2	27500000	27600000	6.0
Nlong_Chr2	27700000	27800000	11.0
Nlong_Chr2	27800000	27900000	14.0
Nlong_Chr2	27600000	27700000	1.0
Nlong_Chr2	30500000	30600000	11.0
Nlong_Chr2	30600000	30700000	15.0
Nlong_Chr2	30700000	30800000	16.0
Nlong_Chr2	30900000	31000000	7.0
Nlong_Chr2	30400000	30500000	2.0
Nlong_Chr2	30800000	30900000	1.0
Nlong_Chr2	31000000	31100000	13.0
Nlong_Chr2	31100000	31200000	5.0
Nlong_Chr2	31200000	31300000	5.0
Nlong_Chr2	31300000	31400000	6.0
Nlong_Chr2	31400000	31500000	9.0
Nlong_Chr2	30000000	30100000	9.0
Nlong_Chr2	30100000	30200000	6.0
Nlong_Chr2	30200000	30300000	15.0
Nlong_Chr2	30300000	30400000	9.0
Nlong_Chr2	31900000	32000000	9.0
Nlong_Chr2	32000000	32100000	3.0
Nlong_Chr2	32100000	32200000	8.0
Nlong_Chr2	32200000	32300000	13.0
Nlong_Chr2	32300000	32400000	10.0
Nlong_Chr2	32400000	32500000	12.0
Nlong_Chr2	31500000	31600000	16.0
Nlong_Chr2	31600000	31700000	12.0
Nlong_Chr2	32500000	32600000	4.0
Nlong_Chr2	32600000	32700000	5.0
Nlong_Chr2	32700000	32800000	3.0
Nlong_Chr2	32800000	32900000	1.0
Nlong_Chr2	33400000	33500000	15.0
Nlong_Chr2	33500000	33600000	7.0
Nlong_Chr2	33600000	33700000	23.0
Nlong_Chr2	33700000	33800000	2.0
Nlong_Chr2	33800000	33900000	7.0
Nlong_Chr2	33900000	34000000	11.0
Nlong_Chr2	32900000	33000000	7.0
Nlong_Chr2	33000000	33100000	7.0
Nlong_Chr2	33100000	33200000	11.0
Nlong_Chr2	33200000	33300000	5.0
Nlong_Chr2	33300000	33400000	2.0
Nlong_Chr2	34000000	34100000	14.0
Nlong_Chr2	34100000	34200000	10.0
Nlong_Chr2	34200000	34300000	3.0
Nlong_Chr2	34300000	34400000	15.0
Nlong_Chr2	34400000	34500000	7.0
Nlong_Chr2	34500000	34600000	15.0
Nlong_Chr2	34600000	34700000	6.0
Nlong_Chr2	34800000	34900000	6.0
Nlong_Chr2	34900000	35000000	11.0
Nlong_Chr2	34700000	34800000	3.0
Nlong_Chr2	35000000	35100000	1.0
Nlong_Chr2	35100000	35200000	5.0
Nlong_Chr2	35200000	35300000	10.0
Nlong_Chr2	35300000	35400000	19.0
Nlong_Chr2	35400000	35500000	10.0
Nlong_Chr2	35900000	36000000	6.0
Nlong_Chr2	36000000	36100000	4.0
Nlong_Chr2	36100000	36200000	14.0
Nlong_Chr2	36200000	36300000	5.0
Nlong_Chr2	36300000	36400000	1.0
Nlong_Chr2	35500000	35600000	6.0
Nlong_Chr2	35600000	35700000	8.0
Nlong_Chr2	35700000	35800000	14.0
Nlong_Chr2	35800000	35900000	19.0
Nlong_Chr2	37000000	37100000	11.0
Nlong_Chr2	37100000	37200000	14.0
Nlong_Chr2	37200000	37300000	3.0
Nlong_Chr2	37300000	37400000	10.0
Nlong_Chr2	37400000	37500000	8.0
Nlong_Chr2	36900000	37000000	4.0
Nlong_Chr2	36400000	36500000	1.0
Nlong_Chr2	36500000	36600000	14.0
Nlong_Chr2	36600000	36700000	10.0
Nlong_Chr2	36700000	36800000	13.0
Nlong_Chr2	37900000	38000000	4.0
Nlong_Chr2	38000000	38100000	9.0
Nlong_Chr2	38100000	38200000	5.0
Nlong_Chr2	38300000	38400000	3.0
Nlong_Chr2	38400000	38500000	6.0
Nlong_Chr2	38500000	38600000	16.0
Nlong_Chr2	38600000	38700000	4.0
Nlong_Chr2	38700000	38800000	2.0
Nlong_Chr2	38800000	38900000	2.0
Nlong_Chr2	38900000	39000000	8.0
Nlong_Chr2	39000000	39100000	2.0
Nlong_Chr2	39300000	39400000	18.0
Nlong_Chr2	39400000	39500000	7.0
Nlong_Chr2	39100000	39200000	1.0
Nlong_Chr2	37500000	37600000	10.0
Nlong_Chr2	37600000	37700000	10.0
Nlong_Chr2	37700000	37800000	11.0
Nlong_Chr2	37800000	37900000	11.0
Nlong_Chr2	39900000	40000000	2.0
Nlong_Chr2	40000000	40100000	5.0
Nlong_Chr2	40100000	40200000	8.0
Nlong_Chr2	40200000	40300000	6.0
Nlong_Chr2	40300000	40400000	10.0
Nlong_Chr2	39500000	39600000	5.0
Nlong_Chr2	39700000	39800000	13.0
Nlong_Chr2	39800000	39900000	4.0
Nlong_Chr2	39600000	39700000	4.0
Nlong_Chr2	40400000	40500000	1.0
Nlong_Chr2	40500000	40600000	2.0
Nlong_Chr2	40600000	40700000	6.0
Nlong_Chr2	40700000	40800000	4.0
Nlong_Chr2	40800000	40900000	5.0
Nlong_Chr2	40900000	41000000	1.0
Nlong_Chr2	41300000	41400000	8.0
Nlong_Chr2	41400000	41500000	3.0
Nlong_Chr2	41000000	41100000	1.0
Nlong_Chr2	41100000	41200000	2.0
Nlong_Chr2	41200000	41300000	1.0
Nlong_Chr2	41500000	41600000	6.0
Nlong_Chr2	41600000	41700000	7.0
Nlong_Chr2	41800000	41900000	4.0
Nlong_Chr2	41900000	42000000	8.0
Nlong_Chr2	41700000	41800000	1.0
Nlong_Chr2	42800000	42900000	6.0
Nlong_Chr2	42900000	43000000	6.0
Nlong_Chr2	42500000	42600000	2.0
Nlong_Chr2	42600000	42700000	2.0
Nlong_Chr2	42700000	42800000	6.0
Nlong_Chr2	43000000	43100000	9.0
Nlong_Chr2	43100000	43200000	4.0
Nlong_Chr2	43200000	43300000	2.0
Nlong_Chr2	43300000	43400000	9.0
Nlong_Chr2	44000000	44100000	1.0
Nlong_Chr2	44200000	44300000	4.0
Nlong_Chr2	44300000	44400000	10.0
Nlong_Chr2	44400000	44500000	2.0
Nlong_Chr2	44100000	44200000	1.0
Nlong_Chr2	43600000	43700000	5.0
Nlong_Chr2	43700000	43800000	22.0
Nlong_Chr2	43800000	43900000	7.0
Nlong_Chr2	43900000	44000000	3.0
Nlong_Chr2	43400000	43500000	1.0
Nlong_Chr2	44500000	44600000	1.0
Nlong_Chr2	44600000	44700000	2.0
Nlong_Chr2	44900000	45000000	11.0
Nlong_Chr2	44800000	44900000	1.0
Nlong_Chr2	42000000	42100000	5.0
Nlong_Chr2	42200000	42300000	7.0
Nlong_Chr2	42300000	42400000	3.0
Nlong_Chr2	42400000	42500000	1.0
Nlong_Chr2	42100000	42200000	1.0
Nlong_Chr2	45500000	45600000	3.0
Nlong_Chr2	45700000	45800000	1.0
Nlong_Chr2	45800000	45900000	2.0
Nlong_Chr2	45900000	46000000	12.0
Nlong_Chr2	45300000	45400000	15.0
Nlong_Chr2	45400000	45500000	2.0
Nlong_Chr2	45600000	45700000	4.0
Nlong_Chr2	45000000	45100000	1.0
Nlong_Chr2	45100000	45200000	8.0
Nlong_Chr2	45200000	45300000	11.0
Nlong_Chr2	46500000	46600000	13.0
Nlong_Chr2	46600000	46700000	13.0
Nlong_Chr2	46700000	46800000	7.0
Nlong_Chr2	46800000	46900000	6.0
Nlong_Chr2	46900000	47000000	5.0
Nlong_Chr2	47000000	47100000	12.0
Nlong_Chr2	47100000	47200000	6.0
Nlong_Chr2	47200000	47300000	4.0
Nlong_Chr2	47300000	47400000	1.0
Nlong_Chr2	47500000	47600000	10.0
Nlong_Chr2	47600000	47700000	8.0
Nlong_Chr2	47700000	47800000	1.0
Nlong_Chr2	47900000	48000000	3.0
Nlong_Chr2	47400000	47500000	1.0
Nlong_Chr2	46000000	46100000	5.0
Nlong_Chr2	46100000	46200000	13.0
Nlong_Chr2	46200000	46300000	1.0
Nlong_Chr2	46300000	46400000	9.0
Nlong_Chr2	46400000	46500000	1.0
Nlong_Chr2	48600000	48700000	2.0
Nlong_Chr2	48700000	48800000	7.0
Nlong_Chr2	48800000	48900000	10.0
Nlong_Chr2	48900000	49000000	3.0
Nlong_Chr2	48000000	48100000	1.0
Nlong_Chr2	48100000	48200000	14.0
Nlong_Chr2	48200000	48300000	10.0
Nlong_Chr2	48300000	48400000	3.0
Nlong_Chr2	49500000	49600000	17.0
Nlong_Chr2	49600000	49700000	10.0
Nlong_Chr2	49700000	49800000	6.0
Nlong_Chr2	49800000	49900000	5.0
Nlong_Chr2	49900000	50000000	7.0
Nlong_Chr2	49000000	49100000	8.0
Nlong_Chr2	49100000	49200000	13.0
Nlong_Chr2	49200000	49300000	4.0
Nlong_Chr2	49300000	49400000	1.0
Nlong_Chr2	50000000	50100000	8.0
Nlong_Chr2	50100000	50200000	7.0
Nlong_Chr2	50200000	50300000	5.0
Nlong_Chr2	50400000	50500000	11.0
Nlong_Chr2	50300000	50400000	1.0
Nlong_Chr2	51500000	51600000	8.0
Nlong_Chr2	51600000	51700000	19.0
Nlong_Chr2	51800000	51900000	7.0
Nlong_Chr2	51400000	51500000	1.0
Nlong_Chr2	51700000	51800000	1.0
Nlong_Chr2	50900000	51000000	3.0
Nlong_Chr2	51000000	51100000	10.0
Nlong_Chr2	51100000	51200000	10.0
Nlong_Chr2	51200000	51300000	7.0
Nlong_Chr2	51300000	51400000	2.0
Nlong_Chr2	50500000	50600000	5.0
Nlong_Chr2	50600000	50700000	4.0
Nlong_Chr2	50700000	50800000	7.0
Nlong_Chr2	50800000	50900000	7.0
Nlong_Chr2	51900000	52000000	1.0
Nlong_Chr2	52000000	52100000	6.0
Nlong_Chr2	52100000	52200000	11.0
Nlong_Chr2	52300000	52400000	3.0
Nlong_Chr2	52400000	52500000	8.0
Nlong_Chr2	52200000	52300000	4.0
Nlong_Chr2	52900000	53000000	5.0
Nlong_Chr2	53000000	53100000	11.0
Nlong_Chr2	53100000	53200000	7.0
Nlong_Chr2	53200000	53300000	12.0
Nlong_Chr2	53300000	53400000	12.0
Nlong_Chr2	53400000	53500000	13.0
Nlong_Chr2	52500000	52600000	5.0
Nlong_Chr2	52600000	52700000	3.0
Nlong_Chr2	52700000	52800000	8.0
Nlong_Chr2	52800000	52900000	9.0
Nlong_Chr2	53900000	54000000	7.0
Nlong_Chr2	54000000	54100000	10.0
Nlong_Chr2	54100000	54200000	16.0
Nlong_Chr2	54200000	54300000	8.0
Nlong_Chr2	54300000	54400000	4.0
Nlong_Chr2	54400000	54411588	3.0
Nlong_Chr2	53500000	53600000	15.0
Nlong_Chr2	53600000	53700000	17.0
Nlong_Chr2	53700000	53800000	15.0
Nlong_Un12	0	15792	2.0
Nlong_Un60	0	9901	1.0
Nlong_Chr3	0	100000	8.0
Nlong_Chr3	100000	200000	5.0
Nlong_Chr3	200000	300000	6.0
Nlong_Chr3	300000	400000	10.0
Nlong_Chr3	400000	500000	13.0
Nlong_Chr3	500000	600000	20.0
Nlong_Chr3	600000	700000	14.0
Nlong_Chr3	700000	800000	7.0
Nlong_Chr3	800000	900000	3.0
Nlong_Chr3	900000	1000000	4.0
Nlong_Chr3	1000000	1100000	4.0
Nlong_Chr3	1100000	1200000	9.0
Nlong_Chr3	1200000	1300000	14.0
Nlong_Chr3	1300000	1400000	12.0
Nlong_Chr3	1400000	1500000	9.0
Nlong_Chr3	1500000	1600000	9.0
Nlong_Chr3	1600000	1700000	6.0
Nlong_Chr3	1700000	1800000	1.0
Nlong_Chr3	1800000	1900000	9.0
Nlong_Chr3	2100000	2200000	1.0
Nlong_Chr3	2300000	2400000	4.0
Nlong_Chr3	2200000	2300000	4.0
Nlong_Chr3	2900000	3000000	9.0
Nlong_Chr3	3000000	3100000	2.0
Nlong_Chr3	3200000	3300000	1.0
Nlong_Chr3	3300000	3400000	7.0
Nlong_Chr3	3400000	3500000	6.0
Nlong_Chr3	3100000	3200000	1.0
Nlong_Chr3	2500000	2600000	3.0
Nlong_Chr3	2600000	2700000	7.0
Nlong_Chr3	2800000	2900000	3.0
Nlong_Chr3	2400000	2500000	1.0
Nlong_Chr3	2700000	2800000	1.0
Nlong_Chr3	3500000	3600000	8.0
Nlong_Chr3	3600000	3700000	8.0
Nlong_Chr3	3700000	3800000	3.0
Nlong_Chr3	3800000	3900000	1.0
Nlong_Chr3	3900000	4000000	4.0
Nlong_Chr3	4400000	4500000	6.0
Nlong_Chr3	4500000	4600000	10.0
Nlong_Chr3	4600000	4700000	7.0
Nlong_Chr3	4700000	4800000	4.0
Nlong_Chr3	4800000	4900000	2.0
Nlong_Chr3	4900000	5000000	5.0
Nlong_Chr3	4000000	4100000	4.0
Nlong_Chr3	4100000	4200000	10.0
Nlong_Chr3	4200000	4300000	7.0
Nlong_Chr3	4300000	4400000	4.0
Nlong_Chr3	5100000	5200000	7.0
Nlong_Chr3	5200000	5300000	10.0
Nlong_Chr3	5300000	5400000	6.0
Nlong_Chr3	5400000	5500000	7.0
Nlong_Chr3	5500000	5600000	11.0
Nlong_Chr3	5600000	5700000	7.0
Nlong_Chr3	5800000	5900000	4.0
Nlong_Chr3	5900000	6000000	9.0
Nlong_Chr3	5700000	5800000	2.0
Nlong_Chr3	6400000	6500000	13.0
Nlong_Chr3	6500000	6600000	8.0
Nlong_Chr3	6600000	6700000	7.0
Nlong_Chr3	6700000	6800000	9.0
Nlong_Chr3	6800000	6900000	3.0
Nlong_Chr3	6000000	6100000	3.0
Nlong_Chr3	6100000	6200000	4.0
Nlong_Chr3	6200000	6300000	18.0
Nlong_Chr3	6300000	6400000	5.0
Nlong_Chr3	6900000	7000000	1.0
Nlong_Chr3	7000000	7100000	9.0
Nlong_Chr3	7100000	7200000	12.0
Nlong_Chr3	7200000	7300000	9.0
Nlong_Chr3	7300000	7400000	9.0
Nlong_Chr3	7400000	7500000	4.0
Nlong_Chr3	7600000	7700000	3.0
Nlong_Chr3	7700000	7800000	1.0
Nlong_Chr3	7800000	7900000	2.0
Nlong_Chr3	7900000	8000000	16.0
Nlong_Chr3	8000000	8100000	4.0
Nlong_Chr3	8100000	8200000	11.0
Nlong_Chr3	8200000	8300000	8.0
Nlong_Chr3	8300000	8400000	2.0
Nlong_Chr3	8400000	8500000	10.0
Nlong_Chr3	8500000	8600000	3.0
Nlong_Chr3	8600000	8700000	11.0
Nlong_Chr3	8700000	8800000	7.0
Nlong_Chr3	8900000	9000000	5.0
Nlong_Chr3	8800000	8900000	2.0
Nlong_Chr3	9000000	9100000	8.0
Nlong_Chr3	9100000	9200000	6.0
Nlong_Chr3	9200000	9300000	2.0
Nlong_Chr3	9300000	9400000	3.0
Nlong_Chr3	9400000	9500000	5.0
Nlong_Chr3	9500000	9600000	3.0
Nlong_Chr3	9700000	9800000	3.0
Nlong_Chr3	9800000	9900000	2.0
Nlong_Chr3	9900000	10000000	4.0
Nlong_Chr3	10200000	10300000	11.0
Nlong_Chr3	10300000	10400000	7.0
Nlong_Chr3	10400000	10500000	8.0
Nlong_Chr3	10000000	10100000	1.0
Nlong_Chr3	10100000	10200000	1.0
Nlong_Chr3	10500000	10600000	5.0
Nlong_Chr3	10600000	10700000	7.0
Nlong_Chr3	10800000	10900000	10.0
Nlong_Chr3	10900000	11000000	7.0
Nlong_Chr3	10700000	10800000	1.0
Nlong_Chr3	11000000	11100000	13.0
Nlong_Chr3	11100000	11200000	6.0
Nlong_Chr3	11200000	11300000	10.0
Nlong_Chr3	11300000	11400000	9.0
Nlong_Chr3	11400000	11500000	8.0
Nlong_Chr3	11900000	12000000	5.0
Nlong_Chr3	12200000	12300000	12.0
Nlong_Chr3	12100000	12200000	2.0
Nlong_Chr3	12300000	12400000	1.0
Nlong_Chr3	12400000	12500000	4.0
Nlong_Chr3	11500000	11600000	4.0
Nlong_Chr3	11600000	11700000	9.0
Nlong_Chr3	11700000	11800000	8.0
Nlong_Chr3	11800000	11900000	13.0
Nlong_Chr3	12500000	12600000	8.0
Nlong_Chr3	12600000	12700000	9.0
Nlong_Chr3	12700000	12800000	3.0
Nlong_Chr3	12800000	12900000	3.0
Nlong_Chr3	12900000	13000000	11.0
Nlong_Chr3	13000000	13100000	5.0
Nlong_Chr3	13100000	13200000	5.0
Nlong_Chr3	13200000	13300000	6.0
Nlong_Chr3	13300000	13400000	10.0
Nlong_Chr3	13400000	13500000	4.0
Nlong_Chr3	13900000	14000000	8.0
Nlong_Chr3	14000000	14100000	11.0
Nlong_Chr3	14200000	14300000	4.0
Nlong_Chr3	14300000	14400000	5.0
Nlong_Chr3	14400000	14500000	2.0
Nlong_Chr3	14100000	14200000	1.0
Nlong_Chr3	13500000	13600000	8.0
Nlong_Chr3	13600000	13700000	11.0
Nlong_Chr3	13700000	13800000	11.0
Nlong_Chr3	13800000	13900000	5.0
Nlong_Chr3	14500000	14600000	5.0
Nlong_Chr3	14600000	14700000	7.0
Nlong_Chr3	14700000	14800000	6.0
Nlong_Chr3	14800000	14900000	7.0
Nlong_Chr3	15000000	15100000	1.0
Nlong_Chr3	15100000	15200000	8.0
Nlong_Chr3	15200000	15300000	6.0
Nlong_Chr3	15300000	15400000	8.0
Nlong_Chr3	15400000	15500000	8.0
Nlong_Chr3	14900000	15000000	1.0
Nlong_Chr3	15900000	16000000	12.0
Nlong_Chr3	16000000	16100000	12.0
Nlong_Chr3	16100000	16200000	5.0
Nlong_Chr3	16300000	16400000	4.0
Nlong_Chr3	16600000	16700000	5.0
Nlong_Chr3	16700000	16800000	2.0
Nlong_Chr3	16800000	16900000	15.0
Nlong_Chr3	16900000	17000000	6.0
Nlong_Chr3	16400000	16500000	1.0
Nlong_Chr3	16500000	16600000	1.0
Nlong_Chr3	15500000	15600000	10.0
Nlong_Chr3	15700000	15800000	3.0
Nlong_Chr3	15800000	15900000	17.0
Nlong_Chr3	15600000	15700000	1.0
Nlong_Chr3	17100000	17200000	2.0
Nlong_Chr3	17200000	17300000	12.0
Nlong_Chr3	17300000	17400000	3.0
Nlong_Chr3	17400000	17500000	7.0
Nlong_Chr3	17500000	17600000	8.0
Nlong_Chr3	17600000	17700000	10.0
Nlong_Chr3	17700000	17800000	7.0
Nlong_Chr3	17800000	17900000	5.0
Nlong_Chr3	17900000	18000000	9.0
Nlong_Chr3	18000000	18100000	7.0
Nlong_Chr3	18100000	18200000	1.0
Nlong_Chr3	18300000	18400000	2.0
Nlong_Chr3	18600000	18700000	1.0
Nlong_Chr3	18700000	18800000	8.0
Nlong_Chr3	18800000	18900000	4.0
Nlong_Chr3	18900000	19000000	8.0
Nlong_Chr3	19000000	19100000	6.0
Nlong_Chr3	19100000	19200000	5.0
Nlong_Chr3	19200000	19300000	10.0
Nlong_Chr3	19300000	19400000	10.0
Nlong_Chr3	19400000	19500000	4.0
Nlong_Chr3	19500000	19600000	8.0
Nlong_Chr3	19600000	19700000	3.0
Nlong_Chr3	19700000	19800000	10.0
Nlong_Chr3	19900000	20000000	1.0
Nlong_Chr3	20000000	20100000	2.0
Nlong_Chr3	20100000	20200000	8.0
Nlong_Chr3	20200000	20300000	1.0
Nlong_Chr3	20300000	20400000	2.0
Nlong_Chr3	20400000	20500000	10.0
Nlong_Chr3	20500000	20600000	4.0
Nlong_Chr3	20600000	20700000	1.0
Nlong_Chr3	20700000	20800000	4.0
Nlong_Chr3	20900000	21000000	6.0
Nlong_Chr3	20800000	20900000	2.0
Nlong_Chr3	21400000	21500000	2.0
Nlong_Chr3	21500000	21600000	4.0
Nlong_Chr3	21600000	21700000	7.0
Nlong_Chr3	21800000	21900000	1.0
Nlong_Chr3	21900000	22000000	5.0
Nlong_Chr3	21100000	21200000	6.0
Nlong_Chr3	21200000	21300000	4.0
Nlong_Chr3	21300000	21400000	4.0
Nlong_Chr3	21000000	21100000	1.0
Nlong_Chr3	22000000	22100000	5.0
Nlong_Chr3	22100000	22200000	7.0
Nlong_Chr3	22200000	22300000	8.0
Nlong_Chr3	22300000	22400000	5.0
Nlong_Chr3	22400000	22500000	8.0
Nlong_Chr3	22500000	22600000	8.0
Nlong_Chr3	22600000	22700000	9.0
Nlong_Chr3	22700000	22800000	7.0
Nlong_Chr3	22800000	22900000	3.0
Nlong_Chr3	23600000	23700000	4.0
Nlong_Chr3	23700000	23800000	16.0
Nlong_Chr3	23800000	23900000	10.0
Nlong_Chr3	23900000	24000000	7.0
Nlong_Chr3	23500000	23600000	4.0
Nlong_Chr3	23000000	23100000	7.0
Nlong_Chr3	23100000	23200000	7.0
Nlong_Chr3	23200000	23300000	11.0
Nlong_Chr3	23300000	23400000	2.0
Nlong_Chr3	22900000	23000000	3.0
Nlong_Chr3	24000000	24100000	7.0
Nlong_Chr3	24100000	24200000	8.0
Nlong_Chr3	24200000	24300000	8.0
Nlong_Chr3	24300000	24400000	2.0
Nlong_Chr3	24500000	24600000	5.0
Nlong_Chr3	24600000	24700000	8.0
Nlong_Chr3	24700000	24800000	8.0
Nlong_Chr3	24800000	24900000	5.0
Nlong_Chr3	24400000	24500000	3.0
Nlong_Chr3	24900000	25000000	3.0
Nlong_Chr3	25000000	25100000	2.0
Nlong_Chr3	25100000	25200000	1.0
Nlong_Chr3	25200000	25300000	4.0
Nlong_Chr3	25300000	25400000	16.0
Nlong_Chr3	25400000	25500000	3.0
Nlong_Chr3	25500000	25600000	4.0
Nlong_Chr3	25800000	25900000	8.0
Nlong_Chr3	25900000	26000000	10.0
Nlong_Chr3	25700000	25800000	1.0
Nlong_Chr3	26000000	26100000	13.0
Nlong_Chr3	26100000	26200000	12.0
Nlong_Chr3	26200000	26300000	10.0
Nlong_Chr3	26300000	26400000	3.0
Nlong_Chr3	26400000	26500000	4.0
Nlong_Chr3	26500000	26600000	2.0
Nlong_Chr3	26600000	26700000	1.0
Nlong_Chr3	26700000	26800000	7.0
Nlong_Chr3	26800000	26900000	4.0
Nlong_Chr3	26900000	27000000	2.0
Nlong_Chr3	27000000	27100000	2.0
Nlong_Chr3	27100000	27200000	4.0
Nlong_Chr3	27200000	27300000	4.0
Nlong_Chr3	27300000	27400000	9.0
Nlong_Chr3	27500000	27600000	11.0
Nlong_Chr3	27600000	27700000	3.0
Nlong_Chr3	27700000	27800000	5.0
Nlong_Chr3	27800000	27900000	4.0
Nlong_Chr3	27900000	28000000	6.0
Nlong_Chr3	27400000	27500000	1.0
Nlong_Chr3	28000000	28100000	14.0
Nlong_Chr3	28100000	28200000	3.0
Nlong_Chr3	28200000	28300000	3.0
Nlong_Chr3	28300000	28400000	5.0
Nlong_Chr3	29100000	29200000	6.0
Nlong_Chr3	29200000	29300000	11.0
Nlong_Chr3	29300000	29400000	9.0
Nlong_Chr3	29400000	29500000	3.0
Nlong_Chr3	28900000	29000000	2.0
Nlong_Chr3	29000000	29100000	5.0
Nlong_Chr3	28400000	28500000	3.0
Nlong_Chr3	28500000	28600000	9.0
Nlong_Chr3	28600000	28700000	4.0
Nlong_Chr3	28700000	28800000	2.0
Nlong_Chr3	28800000	28900000	3.0
Nlong_Chr3	29600000	29700000	7.0
Nlong_Chr3	29700000	29800000	3.0
Nlong_Chr3	29900000	30000000	7.0
Nlong_Chr3	29500000	29600000	5.0
Nlong_Chr3	29800000	29900000	1.0
Nlong_Chr3	30000000	30100000	4.0
Nlong_Chr3	30100000	30200000	2.0
Nlong_Chr3	30200000	30300000	3.0
Nlong_Chr3	30300000	30400000	7.0
Nlong_Chr3	30400000	30500000	7.0
Nlong_Chr3	30500000	30600000	4.0
Nlong_Chr3	30600000	30700000	12.0
Nlong_Chr3	30800000	30900000	6.0
Nlong_Chr3	30700000	30800000	1.0
Nlong_Chr3	30900000	31000000	6.0
Nlong_Chr3	31400000	31500000	12.0
Nlong_Chr3	31500000	31600000	2.0
Nlong_Chr3	31700000	31800000	4.0
Nlong_Chr3	31800000	31900000	4.0
Nlong_Chr3	31900000	32000000	6.0
Nlong_Chr3	31600000	31700000	2.0
Nlong_Chr3	31000000	31100000	9.0
Nlong_Chr3	31100000	31200000	1.0
Nlong_Chr3	31200000	31300000	6.0
Nlong_Chr3	31300000	31400000	4.0
Nlong_Chr3	32000000	32100000	8.0
Nlong_Chr3	32100000	32200000	6.0
Nlong_Chr3	32200000	32300000	14.0
Nlong_Chr3	32300000	32400000	4.0
Nlong_Chr3	32400000	32500000	5.0
Nlong_Chr3	32600000	32700000	4.0
Nlong_Chr3	32700000	32800000	4.0
Nlong_Chr3	32800000	32900000	5.0
Nlong_Chr3	32500000	32600000	1.0
Nlong_Chr3	32900000	33000000	6.0
Nlong_Chr3	33000000	33100000	3.0
Nlong_Chr3	33100000	33200000	7.0
Nlong_Chr3	33200000	33300000	5.0
Nlong_Chr3	33400000	33500000	8.0
Nlong_Chr3	33300000	33400000	1.0
Nlong_Chr3	33500000	33600000	2.0
Nlong_Chr3	33700000	33800000	2.0
Nlong_Chr3	33800000	33900000	3.0
Nlong_Chr3	33600000	33700000	2.0
Nlong_Chr3	34500000	34600000	2.0
Nlong_Chr3	34600000	34700000	13.0
Nlong_Chr3	34700000	34800000	11.0
Nlong_Chr3	34800000	34900000	6.0
Nlong_Chr3	34900000	35000000	2.0
Nlong_Chr3	34000000	34100000	1.0
Nlong_Chr3	34200000	34300000	8.0
Nlong_Chr3	34300000	34400000	6.0
Nlong_Chr3	34400000	34500000	4.0
Nlong_Chr3	35400000	35500000	3.0
Nlong_Chr3	35700000	35800000	5.0
Nlong_Chr3	35800000	35900000	9.0
Nlong_Chr3	35900000	36000000	2.0
Nlong_Chr3	35600000	35700000	2.0
Nlong_Chr3	35000000	35100000	6.0
Nlong_Chr3	35100000	35200000	18.0
Nlong_Chr3	35300000	35400000	9.0
Nlong_Chr3	35200000	35300000	2.0
Nlong_Chr3	36000000	36100000	2.0
Nlong_Chr3	36100000	36200000	6.0
Nlong_Chr3	36400000	36500000	1.0
Nlong_Chr3	36600000	36700000	7.0
Nlong_Chr3	36700000	36800000	6.0
Nlong_Chr3	36800000	36900000	9.0
Nlong_Chr3	36900000	37000000	8.0
Nlong_Chr3	36500000	36600000	3.0
Nlong_Chr3	37400000	37500000	4.0
Nlong_Chr3	37500000	37600000	8.0
Nlong_Chr3	37600000	37700000	3.0
Nlong_Chr3	37700000	37800000	5.0
Nlong_Chr3	37800000	37900000	3.0
Nlong_Chr3	37900000	38000000	6.0
Nlong_Chr3	38000000	38100000	4.0
Nlong_Chr3	38100000	38200000	5.0
Nlong_Chr3	38200000	38300000	1.0
Nlong_Chr3	38300000	38400000	1.0
Nlong_Chr3	37000000	37100000	12.0
Nlong_Chr3	37100000	37200000	9.0
Nlong_Chr3	37300000	37400000	4.0
Nlong_Chr3	37200000	37300000	1.0
Nlong_Chr3	38500000	38600000	7.0
Nlong_Chr3	38600000	38700000	7.0
Nlong_Chr3	38700000	38800000	9.0
Nlong_Chr3	38800000	38900000	11.0
Nlong_Chr3	38900000	39000000	8.0
Nlong_Chr3	39000000	39100000	6.0
Nlong_Chr3	39100000	39200000	3.0
Nlong_Chr3	39200000	39300000	7.0
Nlong_Chr3	39300000	39400000	5.0
Nlong_Chr3	39500000	39600000	4.0
Nlong_Chr3	39600000	39700000	7.0
Nlong_Chr3	39700000	39800000	5.0
Nlong_Chr3	39800000	39900000	2.0
Nlong_Chr3	39400000	39500000	1.0
Nlong_Chr3	40000000	40100000	4.0
Nlong_Chr3	40100000	40200000	2.0
Nlong_Chr3	40200000	40300000	1.0
Nlong_Chr3	40300000	40400000	2.0
Nlong_Chr3	40500000	40600000	3.0
Nlong_Chr3	40900000	41000000	2.0
Nlong_Chr3	40600000	40700000	1.0
Nlong_Chr3	40800000	40900000	2.0
Nlong_Chr3	41400000	41500000	10.0
Nlong_Chr3	41500000	41600000	9.0
Nlong_Chr3	41600000	41700000	8.0
Nlong_Chr3	41800000	41900000	1.0
Nlong_Chr3	41000000	41100000	2.0
Nlong_Chr3	41100000	41200000	3.0
Nlong_Chr3	41200000	41300000	1.0
Nlong_Chr3	41300000	41400000	4.0
Nlong_Chr3	42500000	42600000	3.0
Nlong_Chr3	42400000	42500000	6.0
Nlong_Chr3	42600000	42700000	1.0
Nlong_Chr3	42700000	42800000	2.0
Nlong_Chr3	42900000	43000000	5.0
Nlong_Chr3	42000000	42100000	1.0
Nlong_Chr3	42100000	42200000	1.0
Nlong_Chr3	42200000	42300000	5.0
Nlong_Chr3	42300000	42400000	2.0
Nlong_Chr3	43000000	43100000	5.0
Nlong_Chr3	43100000	43200000	5.0
Nlong_Chr3	43200000	43300000	2.0
Nlong_Chr3	43300000	43400000	7.0
Nlong_Chr3	43400000	43500000	5.0
Nlong_Chr3	43500000	43600000	8.0
Nlong_Chr3	43600000	43700000	9.0
Nlong_Chr3	43700000	43800000	11.0
Nlong_Chr3	43800000	43900000	7.0
Nlong_Chr3	43900000	44000000	9.0
Nlong_Chr3	44000000	44100000	3.0
Nlong_Chr3	44100000	44200000	6.0
Nlong_Chr3	44400000	44500000	8.0
Nlong_Chr3	44200000	44300000	2.0
Nlong_Chr3	44300000	44400000	1.0
Nlong_Chr3	44500000	44600000	14.0
Nlong_Chr3	44600000	44700000	5.0
Nlong_Chr3	44700000	44800000	8.0
Nlong_Chr3	44800000	44900000	8.0
Nlong_Chr3	44900000	45000000	7.0
Nlong_Chr3	45000000	45100000	7.0
Nlong_Chr3	45100000	45200000	11.0
Nlong_Chr3	45200000	45300000	10.0
Nlong_Chr3	45300000	45400000	5.0
Nlong_Chr3	45400000	45500000	4.0
Nlong_Chr3	45500000	45600000	8.0
Nlong_Chr3	45600000	45700000	1.0
Nlong_Chr3	45800000	45900000	1.0
Nlong_Chr3	45900000	45938835	2.0
Nlong_Chr3	45700000	45800000	2.0
Nlong_Un09	0	72676	2.0
Nlong_Un04	0	70734	5.0
Nlong_Un28	0	12929	1.0
Nlong_Un32	0	37187	1.0
Nlong_Un70	0	17199	6.0
Nlong_Un45	0	14348	1.0
Nlong_Un22	0	41441	5.0
Nlong_Un24	0	40337	6.0
Nlong_Un48	0	13349	2.0
Nlong_Un37	0	24682	2.0
Nlong_Un62	0	10807	2.0
Nlong_Un07	0	67366	12.0
Nlong_Un46	0	21359	3.0
Nlong_Un56	0	13699	1.0
Nlong_Un40	0	15771	1.0
Nlong_Un14	0	43085	4.0
Nlong_Un39	0	28008	6.0
Nlong_Un03	0	74344	6.0
Nlong_Un51	0	8900	1.0
Nlong_Chr4	0	100000	5.0
Nlong_Chr4	100000	200000	9.0
Nlong_Chr4	200000	300000	9.0
Nlong_Chr4	300000	400000	11.0
Nlong_Chr4	400000	500000	13.0
Nlong_Chr4	500000	600000	8.0
Nlong_Chr4	600000	700000	15.0
Nlong_Chr4	700000	800000	11.0
Nlong_Chr4	800000	900000	11.0
Nlong_Chr4	900000	1000000	6.0
Nlong_Chr4	1000000	1100000	4.0
Nlong_Chr4	1100000	1200000	2.0
Nlong_Chr4	1200000	1300000	5.0
Nlong_Chr4	1300000	1400000	10.0
Nlong_Chr4	1400000	1500000	5.0
Nlong_Chr4	1500000	1600000	1.0
Nlong_Chr4	1800000	1900000	4.0
Nlong_Chr4	1900000	2000000	10.0
Nlong_Chr4	2000000	2100000	5.0
Nlong_Chr4	2200000	2300000	9.0
Nlong_Chr4	2300000	2400000	4.0
Nlong_Chr4	2400000	2500000	5.0
Nlong_Chr4	2100000	2200000	3.0
Nlong_Chr4	2500000	2600000	3.0
Nlong_Chr4	2700000	2800000	9.0
Nlong_Chr4	2800000	2900000	7.0
Nlong_Chr4	2900000	3000000	2.0
Nlong_Chr4	2600000	2700000	2.0
Nlong_Chr4	3000000	3100000	10.0
Nlong_Chr4	3100000	3200000	8.0
Nlong_Chr4	3200000	3300000	8.0
Nlong_Chr4	3300000	3400000	11.0
Nlong_Chr4	3400000	3500000	4.0
Nlong_Chr4	3500000	3600000	6.0
Nlong_Chr4	3900000	4000000	7.0
Nlong_Chr4	3600000	3700000	2.0
Nlong_Chr4	3700000	3800000	1.0
Nlong_Chr4	4000000	4100000	11.0
Nlong_Chr4	4100000	4200000	8.0
Nlong_Chr4	4200000	4300000	10.0
Nlong_Chr4	4300000	4400000	5.0
Nlong_Chr4	4400000	4500000	3.0
Nlong_Chr4	4500000	4600000	10.0
Nlong_Chr4	4600000	4700000	5.0
Nlong_Chr4	4700000	4800000	3.0
Nlong_Chr4	4800000	4900000	4.0
Nlong_Chr4	4900000	5000000	7.0
Nlong_Chr4	5600000	5700000	1.0
Nlong_Chr4	5800000	5900000	7.0
Nlong_Chr4	5900000	6000000	4.0
Nlong_Chr4	5200000	5300000	5.0
Nlong_Chr4	5400000	5500000	1.0
Nlong_Chr4	5000000	5100000	5.0
Nlong_Chr4	5100000	5200000	5.0
Nlong_Chr4	6500000	6600000	1.0
Nlong_Chr4	6600000	6700000	6.0
Nlong_Chr4	6700000	6800000	12.0
Nlong_Chr4	6800000	6900000	7.0
Nlong_Chr4	6900000	7000000	10.0
Nlong_Chr4	6000000	6100000	2.0
Nlong_Chr4	6100000	6200000	5.0
Nlong_Chr4	6200000	6300000	8.0
Nlong_Chr4	6300000	6400000	7.0
Nlong_Chr4	7500000	7600000	8.0
Nlong_Chr4	7700000	7800000	3.0
Nlong_Chr4	7800000	7900000	12.0
Nlong_Chr4	7900000	8000000	8.0
Nlong_Chr4	7400000	7500000	4.0
Nlong_Chr4	7600000	7700000	2.0
Nlong_Chr4	7000000	7100000	1.0
Nlong_Chr4	7200000	7300000	8.0
Nlong_Chr4	7300000	7400000	3.0
Nlong_Chr4	7100000	7200000	1.0
Nlong_Chr4	8500000	8600000	2.0
Nlong_Chr4	8700000	8800000	2.0
Nlong_Chr4	8800000	8900000	5.0
Nlong_Chr4	8900000	9000000	2.0
Nlong_Chr4	8000000	8100000	7.0
Nlong_Chr4	8100000	8200000	7.0
Nlong_Chr4	8200000	8300000	3.0
Nlong_Chr4	8300000	8400000	4.0
Nlong_Chr4	8400000	8500000	3.0
Nlong_Chr4	9000000	9100000	6.0
Nlong_Chr4	9100000	9200000	5.0
Nlong_Chr4	9200000	9300000	3.0
Nlong_Chr4	9300000	9400000	9.0
Nlong_Chr4	9400000	9500000	4.0
Nlong_Chr4	9500000	9600000	7.0
Nlong_Chr4	9600000	9700000	1.0
Nlong_Chr4	9700000	9800000	3.0
Nlong_Chr4	9800000	9900000	11.0
Nlong_Chr4	9900000	10000000	8.0
Nlong_Chr4	10000000	10100000	2.0
Nlong_Chr4	10100000	10200000	4.0
Nlong_Chr4	10200000	10300000	4.0
Nlong_Chr4	10300000	10400000	9.0
Nlong_Chr4	10400000	10500000	2.0
Nlong_Chr4	10600000	10700000	7.0
Nlong_Chr4	10700000	10800000	8.0
Nlong_Chr4	10800000	10900000	6.0
Nlong_Chr4	10500000	10600000	1.0
Nlong_Chr4	10900000	11000000	2.0
Nlong_Chr4	11500000	11600000	4.0
Nlong_Chr4	11600000	11700000	10.0
Nlong_Chr4	11700000	11800000	2.0
Nlong_Chr4	11400000	11500000	1.0
Nlong_Chr4	11000000	11100000	5.0
Nlong_Chr4	11100000	11200000	7.0
Nlong_Chr4	11200000	11300000	5.0
Nlong_Chr4	11300000	11400000	4.0
Nlong_Chr4	11900000	12000000	1.0
Nlong_Chr4	12100000	12200000	2.0
Nlong_Chr4	12400000	12500000	4.0
Nlong_Chr4	12600000	12700000	2.0
Nlong_Chr4	12700000	12800000	5.0
Nlong_Chr4	12800000	12900000	10.0
Nlong_Chr4	12900000	13000000	4.0
Nlong_Chr4	13000000	13100000	7.0
Nlong_Chr4	13100000	13200000	9.0
Nlong_Chr4	13200000	13300000	9.0
Nlong_Chr4	13300000	13400000	2.0
Nlong_Chr4	13400000	13500000	8.0
Nlong_Chr4	13500000	13600000	12.0
Nlong_Chr4	13700000	13800000	11.0
Nlong_Chr4	13800000	13900000	4.0
Nlong_Chr4	13900000	14000000	3.0
Nlong_Chr4	13600000	13700000	8.0
Nlong_Chr4	14100000	14200000	10.0
Nlong_Chr4	14200000	14300000	13.0
Nlong_Chr4	14300000	14400000	1.0
Nlong_Chr4	14000000	14100000	1.0
Nlong_Chr4	14400000	14500000	2.0
Nlong_Chr4	14500000	14600000	10.0
Nlong_Chr4	14600000	14700000	6.0
Nlong_Chr4	14700000	14800000	4.0
Nlong_Chr4	14800000	14900000	2.0
Nlong_Chr4	14900000	15000000	6.0
Nlong_Chr4	15000000	15100000	1.0
Nlong_Chr4	15100000	15200000	4.0
Nlong_Chr4	15200000	15300000	3.0
Nlong_Chr4	15300000	15400000	3.0
Nlong_Chr4	15400000	15500000	8.0
Nlong_Chr4	15500000	15600000	7.0
Nlong_Chr4	15700000	15800000	6.0
Nlong_Chr4	15800000	15900000	6.0
Nlong_Chr4	15900000	16000000	8.0
Nlong_Chr4	15600000	15700000	7.0
Nlong_Chr4	16000000	16100000	1.0
Nlong_Chr4	16100000	16200000	5.0
Nlong_Chr4	16200000	16300000	6.0
Nlong_Chr4	16300000	16400000	4.0
Nlong_Chr4	16400000	16500000	1.0
Nlong_Chr4	17000000	17100000	7.0
Nlong_Chr4	17100000	17200000	6.0
Nlong_Chr4	17200000	17300000	10.0
Nlong_Chr4	16600000	16700000	6.0
Nlong_Chr4	16700000	16800000	19.0
Nlong_Chr4	16800000	16900000	5.0
Nlong_Chr4	16900000	17000000	3.0
Nlong_Chr4	16500000	16600000	1.0
Nlong_Chr4	17900000	18000000	10.0
Nlong_Chr4	18000000	18100000	3.0
Nlong_Chr4	18100000	18200000	13.0
Nlong_Chr4	18200000	18300000	10.0
Nlong_Chr4	18300000	18400000	6.0
Nlong_Chr4	18400000	18500000	6.0
Nlong_Chr4	17400000	17500000	1.0
Nlong_Chr4	17600000	17700000	7.0
Nlong_Chr4	17700000	17800000	14.0
Nlong_Chr4	17800000	17900000	6.0
Nlong_Chr4	17500000	17600000	4.0
Nlong_Chr4	18700000	18800000	5.0
Nlong_Chr4	18800000	18900000	6.0
Nlong_Chr4	18600000	18700000	1.0
Nlong_Chr4	19500000	19600000	5.0
Nlong_Chr4	19600000	19700000	2.0
Nlong_Chr4	19700000	19800000	3.0
Nlong_Chr4	19900000	20000000	4.0
Nlong_Chr4	19400000	19500000	2.0
Nlong_Chr4	19800000	19900000	6.0
Nlong_Chr4	18900000	19000000	1.0
Nlong_Chr4	19300000	19400000	12.0
Nlong_Chr4	19100000	19200000	4.0
Nlong_Chr4	19200000	19300000	3.0
Nlong_Chr4	20900000	21000000	1.0
Nlong_Chr4	20400000	20500000	5.0
Nlong_Chr4	20500000	20600000	2.0
Nlong_Chr4	20600000	20700000	1.0
Nlong_Chr4	20000000	20100000	4.0
Nlong_Chr4	20100000	20200000	8.0
Nlong_Chr4	20200000	20300000	11.0
Nlong_Chr4	20300000	20400000	6.0
Nlong_Chr4	21600000	21700000	5.0
Nlong_Chr4	21700000	21800000	3.0
Nlong_Chr4	21800000	21900000	9.0
Nlong_Chr4	21400000	21500000	1.0
Nlong_Chr4	21900000	22000000	3.0
Nlong_Chr4	22000000	22100000	10.0
Nlong_Chr4	22100000	22200000	3.0
Nlong_Chr4	22200000	22300000	13.0
Nlong_Chr4	22300000	22400000	10.0
Nlong_Chr4	22400000	22500000	12.0
Nlong_Chr4	21000000	21100000	10.0
Nlong_Chr4	21100000	21200000	8.0
Nlong_Chr4	21200000	21300000	6.0
Nlong_Chr4	21300000	21400000	8.0
Nlong_Chr4	22500000	22600000	1.0
Nlong_Chr4	22600000	22700000	1.0
Nlong_Chr4	22900000	23000000	4.0
Nlong_Chr4	22700000	22800000	2.0
Nlong_Chr4	22800000	22900000	1.0
Nlong_Chr4	23500000	23600000	5.0
Nlong_Chr4	23600000	23700000	13.0
Nlong_Chr4	23700000	23800000	3.0
Nlong_Chr4	23800000	23900000	8.0
Nlong_Chr4	23900000	24000000	9.0
Nlong_Chr4	23000000	23100000	3.0
Nlong_Chr4	23100000	23200000	2.0
Nlong_Chr4	23200000	23300000	6.0
Nlong_Chr4	23300000	23400000	14.0
Nlong_Chr4	23400000	23500000	2.0
Nlong_Chr4	24000000	24100000	2.0
Nlong_Chr4	24100000	24200000	8.0
Nlong_Chr4	24200000	24300000	12.0
Nlong_Chr4	24300000	24400000	9.0
Nlong_Chr4	24400000	24500000	5.0
Nlong_Chr4	24900000	25000000	9.0
Nlong_Chr4	25100000	25200000	12.0
Nlong_Chr4	25300000	25400000	3.0
Nlong_Chr4	25400000	25500000	7.0
Nlong_Chr4	25000000	25100000	4.0
Nlong_Chr4	24500000	24600000	3.0
Nlong_Chr4	24600000	24700000	6.0
Nlong_Chr4	24700000	24800000	12.0
Nlong_Chr4	24800000	24900000	8.0
Nlong_Chr4	25500000	25600000	6.0
Nlong_Chr4	25600000	25700000	10.0
Nlong_Chr4	25700000	25800000	7.0
Nlong_Chr4	25800000	25900000	9.0
Nlong_Chr4	25900000	26000000	10.0
Nlong_Chr4	26000000	26100000	17.0
Nlong_Chr4	26100000	26200000	6.0
Nlong_Chr4	26200000	26300000	12.0
Nlong_Chr4	26300000	26400000	3.0
Nlong_Chr4	26400000	26500000	10.0
Nlong_Chr4	26500000	26600000	5.0
Nlong_Chr4	26600000	26700000	5.0
Nlong_Chr4	26700000	26800000	7.0
Nlong_Chr4	26800000	26900000	11.0
Nlong_Chr4	26900000	27000000	9.0
Nlong_Chr4	27600000	27700000	4.0
Nlong_Chr4	27700000	27800000	1.0
Nlong_Chr4	27800000	27900000	9.0
Nlong_Chr4	27900000	28000000	2.0
Nlong_Chr4	27500000	27600000	1.0
Nlong_Chr4	27000000	27100000	5.0
Nlong_Chr4	27100000	27200000	2.0
Nlong_Chr4	27200000	27300000	7.0
Nlong_Chr4	27300000	27400000	5.0
Nlong_Chr4	27400000	27500000	2.0
Nlong_Chr4	28000000	28100000	7.0
Nlong_Chr4	28200000	28300000	6.0
Nlong_Chr4	28300000	28400000	1.0
Nlong_Chr4	28100000	28200000	3.0
Nlong_Chr4	29100000	29200000	1.0
Nlong_Chr4	29200000	29300000	8.0
Nlong_Chr4	29300000	29400000	3.0
Nlong_Chr4	29400000	29500000	6.0
Nlong_Chr4	28500000	28600000	11.0
Nlong_Chr4	28600000	28700000	5.0
Nlong_Chr4	28700000	28800000	10.0
Nlong_Chr4	28800000	28900000	5.0
Nlong_Chr4	28400000	28500000	1.0
Nlong_Chr4	29500000	29600000	7.0
Nlong_Chr4	29600000	29700000	8.0
Nlong_Chr4	29700000	29800000	1.0
Nlong_Chr4	30300000	30400000	1.0
Nlong_Chr4	30400000	30500000	3.0
Nlong_Chr4	29900000	30000000	1.0
Nlong_Chr4	30000000	30100000	1.0
Nlong_Chr4	30500000	30600000	8.0
Nlong_Chr4	30600000	30700000	4.0
Nlong_Chr4	30700000	30800000	7.0
Nlong_Chr4	30800000	30900000	6.0
Nlong_Chr4	30900000	31000000	8.0
Nlong_Chr4	31200000	31300000	6.0
Nlong_Chr4	31300000	31400000	5.0
Nlong_Chr4	31400000	31500000	12.0
Nlong_Chr4	31000000	31100000	4.0
Nlong_Chr4	31100000	31200000	4.0
Nlong_Chr4	31500000	31600000	11.0
Nlong_Chr4	31600000	31700000	6.0
Nlong_Chr4	31700000	31800000	1.0
Nlong_Chr4	31800000	31900000	1.0
Nlong_Chr4	32000000	32100000	5.0
Nlong_Chr4	32100000	32200000	13.0
Nlong_Chr4	32200000	32300000	4.0
Nlong_Chr4	32300000	32400000	1.0
Nlong_Chr4	32400000	32500000	10.0
Nlong_Chr4	32500000	32600000	15.0
Nlong_Chr4	32600000	32700000	9.0
Nlong_Chr4	32700000	32800000	8.0
Nlong_Chr4	32800000	32900000	10.0
Nlong_Chr4	32900000	33000000	16.0
Nlong_Chr4	33100000	33200000	10.0
Nlong_Chr4	33200000	33300000	5.0
Nlong_Chr4	33300000	33400000	8.0
Nlong_Chr4	33400000	33500000	11.0
Nlong_Chr4	33000000	33100000	2.0
Nlong_Chr4	33500000	33600000	7.0
Nlong_Chr4	33600000	33700000	18.0
Nlong_Chr4	33700000	33800000	3.0
Nlong_Chr4	33800000	33900000	2.0
Nlong_Chr4	34400000	34500000	17.0
Nlong_Chr4	34500000	34600000	11.0
Nlong_Chr4	34600000	34700000	12.0
Nlong_Chr4	34700000	34800000	13.0
Nlong_Chr4	34800000	34900000	16.0
Nlong_Chr4	35000000	35100000	7.0
Nlong_Chr4	34900000	35000000	3.0
Nlong_Chr4	35100000	35104067	1.0
Nlong_Chr4	33900000	34000000	1.0
Nlong_Chr4	34000000	34100000	6.0
Nlong_Chr4	34100000	34200000	13.0
Nlong_Chr4	34200000	34300000	14.0
Nlong_Chr4	34300000	34400000	8.0
Nlong_Un27	0	35073	1.0
Nlong_Un31	0	33366	4.0
Nlong_Un20	0	32990	3.0
Nlong_Un15	0	48186	4.0
Nlong_Un06	0	78129	9.0
Nlong_Un53	0	26196	5.0
Nlong_Un26	0	9855	2.0
Nlong_Un05	0	51341	3.0
Nlong_Un16	0	41785	1.0
